1 0.8312387791741472 0.6984815618221258 0.8132854578096947 0.7093275488069414 0.8061041292639138 0.7180043383947939 0.8061041292639138 0.720173535791757 0.7971274685816876 0.7310195227765727 0.7935368043087971 0.7418655097613883 0.7935368043087971 0.7700650759219089 0.7953321364452424 0.7809110629067245 0.7971274685816876 0.7874186550976139 0.800718132854578 0.7960954446854663 0.8043087971274686 0.8004338394793926 0.8043087971274686 0.8026030368763557 0.8061041292639138 0.8047722342733189 0.8132854578096947 0.8112798264642083 0.822262118491921 0.8177874186550976 0.8366247755834829 0.824295010845987 0.8438061041292639 0.8264642082429501 0.8509874326750448 0.8264642082429501 0.8779174147217235 0.8134490238611713 0.8850987432675045 0.8091106290672451 0.8886894075403949 0.8047722342733189 0.8922800718132855 0.7939262472885033 0.895870736086176 0.7744034707158352 0.895870736086176 0.7418655097613883 0.8922800718132855 0.7310195227765727 0.8868940754039497 0.7180043383947939 0.881508078994614 0.7114967462039046 0.8761220825852782 0.7071583514099783 0.8581687612208259 0.6984815618221258
1 0.8312387791741472 0.4945770065075922 0.8258527827648114 0.4967462039045553 0.8186714542190305 0.5010845986984815 0.8132854578096947 0.5075921908893709 0.8078994614003591 0.5097613882863341 0.7953321364452424 0.527114967462039 0.7917414721723519 0.5336225596529284 0.7899461400359067 0.5401301518438177 0.7899461400359067 0.5466377440347071 0.7845601436265709 0.5574837310195228 0.7845601436265709 0.5683297180043384 0.7899461400359067 0.5813449023861171 0.8043087971274686 0.6052060737527115 0.8132854578096947 0.6160520607375272 0.8204667863554758 0.6203904555314533 0.8276481149012568 0.6225596529284165 0.8545780969479354 0.6225596529284165 0.8653500897666068 0.6160520607375272 0.8761220825852782 0.6030368763557483 0.881508078994614 0.6008676789587852 0.8886894075403949 0.5856832971800434 0.8922800718132855 0.5748373101952278 0.8940754039497307 0.5661605206073753 0.8940754039497307 0.5466377440347071 0.8922800718132855 0.5357917570498916 0.8886894075403949 0.5227765726681128 0.8850987432675045 0.5162689804772235 0.8797127468581688 0.5097613882863341 0.8761220825852782 0.5075921908893709 0.8689407540394973 0.5054229934924078 0.8617594254937163 0.49891540130151846 0.8563734290843806 0.4967462039045553 0.8491921005385996 0.4945770065075922
1 0.6552962298025135 0.2950108459869848 0.644524236983842 0.30151843817787416 0.6391382405745063 0.3080260303687636 0.6337522441651705 0.31019522776572667 0.6265709156193896 0.31670281995661603 0.6229802513464991 0.3232104121475054 0.6211849192100538 0.3275488069414317 0.6193895870736086 0.3362255965292842 0.6157989228007181 0.3470715835140998 0.6140035906642729 0.3579175704989154 0.6140035906642729 0.3752711496746204 0.6157989228007181 0.38177874186550975 0.6211849192100538 0.3947939262472885 0.6283662477558348 0.403470715835141 0.6427289048473968 0.4164859002169197 0.651705565529623 0.4229934924078091 0.6624775583482945 0.42733188720173537 0.6768402154398564 0.42733188720173537 0.6876122082585279 0.4229934924078091 0.6983842010771992 0.4164859002169197 0.703770197486535 0.4121475054229935 0.7073608617594255 0.40563991323210413 0.7109515260323159 0.3969631236442516 0.7127468581687613 0.39045553145336226 0.7145421903052065 0.3796095444685466 0.7145421903052065 0.36225596529284165 0.7091561938958707 0.3362255965292842 0.7001795332136446 0.3188720173535792 0.6929982046678635 0.31019522776572667 0.6768402154398564 0.2993492407809111 0.6660682226211849 0.2950108459869848
1 0.17235188509874327 0.10845986984815618 0.16696588868940754 0.11062906724511931 0.1615798922800718 0.11496746203904555 0.15080789946140036 0.12581344902386118 0.14183123877917414 0.13665943600867678 0.1400359066427289 0.14316702819956617 0.1400359066427289 0.175704989154013 0.14183123877917414 0.19305856832971802 0.14542190305206462 0.20824295010845986 0.14721723518850988 0.21258134490238612 0.15439856373429084 0.22342733188720174 0.15798922800718132 0.227765726681128 0.1651705565529623 0.23210412147505424 0.1741472172351885 0.23427331887201736 0.19030520646319568 0.23427331887201736 0.1992818671454219 0.23210412147505424 0.20646319569120286 0.227765726681128 0.21364452423698385 0.22125813449023862 0.22262118491921004 0.210412147505423 0.2244165170556553 0.20607375271149675 0.2244165170556553 0.2017353579175705 0.22980251346499103 0.19305856832971802 0.23159784560143626 0.18872017353579176 0.2333931777378815 0.1822125813449024 0.2333931777378815 0.14967462039045554 0.23159784560143626 0.14316702819956617 0.22980251346499103 0.13882863340563992 0.21364452423698385 0.1193058568329718 0.20287253141831238 0.11062906724511931 0.18312387791741472 0.10845986984815618
1 0.1687612208258528 0.4945770065075922 0.15080789946140036 0.5010845986984815 0.1400359066427289 0.5140997830802603 0.13644524236983843 0.5206073752711496 0.13285457809694792 0.5292841648590022 0.12926391382405744 0.5422993492407809 0.12746858168761221 0.5531453362255966 0.12746858168761221 0.5661605206073753 0.12926391382405744 0.5683297180043384 0.12926391382405744 0.5835140997830802 0.13464991023339318 0.5986984815618221 0.1400359066427289 0.6052060737527115 0.1400359066427289 0.6073752711496746 0.1436265709156194 0.6117136659436009 0.15439856373429084 0.6203904555314533 0.16696588868940754 0.6247288503253796 0.18312387791741472 0.6268980477223427 0.19210053859964094 0.6247288503253796 0.20107719928186715 0.6203904555314533 0.20825852782764812 0.613882863340564 0.22082585278276481 0.5986984815618221 0.22621184919210055 0.5856832971800434 0.22980251346499103 0.5726681127982647 0.22980251346499103 0.5661605206073753 0.23159784560143626 0.5639913232104121 0.23159784560143626 0.559652928416486 0.22980251346499103 0.5466377440347071 0.22800718132854578 0.5379609544468547 0.2244165170556553 0.5292841648590022 0.22082585278276481 0.5227765726681128 0.21364452423698385 0.5140997830802603 0.21364452423698385 0.5119305856832972 0.20825852782764812 0.5054229934924078 0.20107719928186715 0.49891540130151846 0.19210053859964094 0.4945770065075922
1 0.19569120287253142 0.702819956616052 0.17953321364452424 0.702819956616052 0.1687612208258528 0.7071583514099783 0.15798922800718132 0.7136659436008677 0.14542190305206462 0.7266811279826464 0.1400359066427289 0.7331887201735358 0.13644524236983843 0.7396963123644251 0.13464991023339318 0.7527114967462039 0.13464991023339318 0.7722342733188721 0.13824057450628366 0.7809110629067245 0.13824057450628366 0.789587852494577 0.1436265709156194 0.806941431670282 0.1526032315978456 0.8177874186550976 0.1651705565529623 0.8286334056399133 0.1687612208258528 0.8286334056399133 0.17235188509874327 0.8329718004338394 0.17594254937163376 0.8351409978308026 0.1867145421903052 0.8373101952277657 0.19748653500897667 0.8351409978308026 0.2118491921005386 0.8286334056399133 0.22082585278276481 0.8221258134490239 0.22621184919210055 0.8199566160520607 0.23159784560143626 0.8199566160520607 0.23518850987432674 0.8177874186550976 0.236983842010772 0.8156182212581344 0.24057450628366248 0.806941431670282 0.24236983842010773 0.7982646420824295 0.24416517055655296 0.7809110629067245 0.24416517055655296 0.7657266811279827 0.24057450628366248 0.7483731019522777 0.23518850987432674 0.7331887201735358 0.22800718132854578 0.7223427331887202 0.21543985637342908 0.7114967462039046 0.20825852782764812 0.7071583514099783
1 0.33213644524236985 0.7158351409978309 0.3213644524236984 0.7223427331887202 0.31597845601436264 0.7266811279826464 0.3123877917414722 0.7310195227765727 0.3052064631956912 0.7440347071583514 0.3016157989228007 0.7527114967462039 0.2980251346499102 0.7657266811279827 0.2980251346499102 0.789587852494577 0.3016157989228007 0.8047722342733189 0.30700179533213645 0.8177874186550976 0.3123877917414722 0.8264642082429501 0.3177737881508079 0.8329718004338394 0.3231597845601436 0.8373101952277657 0.3303411131059246 0.841648590021692 0.3375224416517056 0.8438177874186551 0.3608617594254937 0.8438177874186551 0.3734290843806104 0.8394793926247288 0.38061041292639136 0.8351409978308026 0.3859964093357271 0.8308026030368764 0.39317773788150806 0.8221258134490239 0.39317773788150806 0.8199566160520607 0.4021543985637343 0.8091106290672451 0.40574506283662476 0.8004338394793926 0.40933572710951527 0.789587852494577 0.40933572710951527 0.7744034707158352 0.40754039497307004 0.7678958785249458 0.40574506283662476 0.7635574837310195 0.400359066427289 0.7570498915401301 0.39497307001795334 0.7440347071583514 0.3877917414721723 0.7310195227765727 0.38061041292639136 0.7223427331887202 0.36983842010771995 0.7158351409978309 0.362657091561939 0.7136659436008677 0.34111310592459604 0.7136659436008677
1 0.4955116696588869 0.4945770065075922 0.4829443447037702 0.5010845986984815 0.4793536804308797 0.5054229934924078 0.473967684021544 0.5075921908893709 0.46858168761220825 0.5140997830802603 0.4614003590664273 0.527114967462039 0.45601436265709155 0.5401301518438177 0.4542190305206463 0.5488069414316703 0.4542190305206463 0.5726681127982647 0.45601436265709155 0.5813449023861171 0.4614003590664273 0.5986984815618221 0.46858168761220825 0.6095444685466378 0.4757630161579892 0.6160520607375272 0.4829443447037702 0.6203904555314533 0.49730700179533216 0.6247288503253796 0.5170556552962298 0.6247288503253796 0.526032315978456 0.6225596529284165 0.5296229802513465 0.6203904555314533 0.5368043087971275 0.6117136659436009 0.5439856373429084 0.6073752711496746 0.5493716337522442 0.6008676789587852 0.5529622980251346 0.5921908893709328 0.5547576301615799 0.5856832971800434 0.5565529622980251 0.5704989154013015 0.5565529622980251 0.561822125813449 0.5547576301615799 0.544468546637744 0.5529622980251346 0.5336225596529284 0.5457809694793537 0.5140997830802603 0.5385996409335727 0.5054229934924078 0.5278276481149012 0.49891540130151846 0.5170556552962298 0.4945770065075922
1 0.6768402154398564 0.7049891540130152 0.6642728904847397 0.7093275488069414 0.6535008976660682 0.7158351409978309 0.6481149012567325 0.720173535791757 0.6391382405745063 0.7310195227765727 0.6337522441651705 0.7440347071583514 0.6319569120287253 0.7505422993492408 0.6319569120287253 0.7744034707158352 0.6337522441651705 0.7852494577006508 0.6355475763016158 0.7917570498915402 0.6409335727109515 0.8047722342733189 0.6499102333931778 0.8156182212581344 0.6606822262118492 0.824295010845987 0.6732495511669659 0.8286334056399133 0.6822262118491921 0.8308026030368764 0.696588868940754 0.8308026030368764 0.7001795332136446 0.8286334056399133 0.703770197486535 0.824295010845987 0.7073608617594255 0.824295010845987 0.7199281867145422 0.8134490238611713 0.7324955116696589 0.7982646420824295 0.7342908438061041 0.7939262472885033 0.7342908438061041 0.754880694143167 0.7324955116696589 0.7440347071583514 0.7289048473967684 0.7310195227765727 0.7127468581687613 0.7114967462039046 0.7055655296229802 0.7071583514099783 0.7001795332136446 0.7049891540130152
1 0.5224416517055656 0.2950108459869848 0.5134649910233393 0.2950108459869848 0.5116696588868941 0.29718004338394793 0.5008976660682226 0.29718004338394793 0.4955116696588869 0.2993492407809111 0.4883303411131059 0.30585683297180044 0.4757630161579892 0.3210412147505423 0.47217235188509876 0.3275488069414317 0.46858168761220825 0.3405639913232104 0.46858168761220825 0.351409978308026 0.466786355475763 0.35357917570498915 0.466786355475763 0.36225596529284165 0.4703770197486535 0.3796095444685466 0.47217235188509876 0.38611713665943603 0.4757630161579892 0.3947939262472885 0.4883303411131059 0.4121475054229935 0.49730700179533216 0.41865509761388287 0.5098743267504489 0.4229934924078091 0.5170556552962298 0.4229934924078091 0.5296229802513465 0.420824295010846 0.5493716337522442 0.40997830802603036 0.5547576301615799 0.403470715835141 0.5601436265709157 0.3882863340563991 0.5637342908438061 0.3752711496746204 0.5637342908438061 0.3600867678958785 0.5583482944344704 0.35357917570498915 0.5529622980251346 0.3405639913232104 0.5529622980251346 0.33405639913232105 0.5511669658886894 0.3275488069414317 0.5493716337522442 0.3232104121475054 0.5457809694793537 0.3188720173535792 0.5439856373429084 0.3080260303687636 0.5421903052064632 0.3036876355748373 0.5368043087971275 0.30151843817787416 0.5314183123877917 0.29718004338394793
1 0.3303411131059246 0.29067245119305857 0.3267504488330341 0.2928416485900217 0.3177737881508079 0.30151843817787416 0.3052064631956912 0.31670281995661603 0.3052064631956912 0.3297180043383948 0.3016157989228007 0.34273318872017355 0.2998204667863555 0.3557483731019523 0.2998204667863555 0.3774403470715835 0.30341113105924594 0.39045553145336226 0.30700179533213645 0.3969631236442516 0.3123877917414722 0.403470715835141 0.31956912028725315 0.40997830802603036 0.3267504488330341 0.41431670281995664 0.3375224416517056 0.4164859002169197 0.3464991023339318 0.4164859002169197 0.3608617594254937 0.41431670281995664 0.36624775583482944 0.4121475054229935 0.36983842010771995 0.40997830802603036 0.38061041292639136 0.39913232104121477 0.3895870736086176 0.3882863340563991 0.39317773788150806 0.3796095444685466 0.39497307001795334 0.37310195227765725 0.39497307001795334 0.36225596529284165 0.39138240574506283 0.351409978308026 0.39138240574506283 0.3318872017353579 0.3895870736086176 0.3210412147505423 0.38420107719928187 0.3123644251626898 0.3752244165170557 0.30151843817787416 0.36804308797127466 0.29718004338394793 0.3608617594254937 0.2950108459869848 0.3375224416517056 0.29067245119305857
1 0.3464991023339318 0.1019522776572668 0.3393177737881508 0.10629067245119306 0.3303411131059246 0.11062906724511931 0.3141831238779174 0.12147505422993492 0.3105924596050269 0.1279826464208243 0.30341113105924594 0.13232104121475055 0.3016157989228007 0.13665943600867678 0.3016157989228007 0.18872017353579176 0.30341113105924594 0.19305856832971802 0.3123877917414722 0.2039045553145336 0.3123877917414722 0.20607375271149675 0.31956912028725315 0.21475054229934923 0.3249551166965889 0.21908893709327548 0.3357271095152603 0.22559652928416485 0.34290843806104127 0.227765726681128 0.35368043087971274 0.227765726681128 0.3608617594254937 0.22559652928416485 0.37163375224416517 0.21908893709327548 0.37881508078994613 0.21258134490238612 0.3877917414721723 0.2017353579175705 0.39317773788150806 0.19956616052060738 0.39676840215439857 0.1822125813449024 0.3985637342908438 0.16702819956616052 0.3985637342908438 0.1540130151843818 0.39676840215439857 0.15184381778741865 0.39676840215439857 0.13665943600867678 0.3895870736086176 0.12147505422993492 0.38420107719928187 0.11496746203904555 0.38061041292639136 0.11279826464208242 0.3752244165170557 0.11279826464208242 0.3734290843806104 0.10845986984815618 0.36983842010771995 0.10629067245119306 0.3590664272890485 0.1019522776572668
1 0.46888689407540396 0.2080694143167028 0.4949371633752244 0.234295010845987 0.5253321364452423 0.23255965292841646 0.5455834829443447 0.21681127982646423 0.552818671454219 0.19234273318872017 0.5557091561938958 0.1626247288503254 0.5455834829443447 0.145119305856833 0.5209874326750449 0.14162689804772235 0.4949371633752244 0.14162689804772235 0.48190305206463196 0.1626247288503254 0.4659964093357271 0.17310195227765726
1 0.6324236983842011 0.14863340563991323 0.6338599640933573 0.20633405639913233 0.6526750448833034 0.23080260303687636 0.6874147217235188 0.2430368763557484 0.710556552962298 0.22731019522776574 0.7337163375224417 0.1853362255965293 0.7293716337522441 0.14338394793926246 0.7235906642728905 0.12590021691973968 0.6743806104129264 0.12414316702819955 0.6512387791741472 0.12414316702819955
