2 0.12445730824891461 0.06890459363957598 0.12011577424023155 0.07243816254416961 0.11432706222865413 0.0812720848056537 0.1085383502170767 0.08480565371024736 0.10130246020260492 0.09363957597173145 0.09696092619392185 0.10070671378091872 0.09696092619392185 0.10424028268551237 0.09406657018813314 0.10777385159010601 0.08972503617945007 0.12367491166077739 0.08683068017366136 0.14487632508833923 0.08827785817655572 0.1607773851590106 0.09261939218523878 0.18021201413427562 0.09840810419681621 0.19257950530035337 0.10274963820549927 0.19964664310954064 0.11287988422575977 0.21201413427561838 0.12011577424023155 0.21908127208480566 0.1345875542691751 0.22968197879858657 0.15050651230101303 0.23851590106007067 0.16642547033285093 0.2420494699646643 0.17655571635311143 0.2420494699646643 0.17800289435600578 0.24028268551236748 0.18958031837916064 0.24028268551236748 0.2011577424023155 0.23674911660777384 0.21128798842257598 0.2314487632508834 0.22141823444283648 0.22084805653710246 0.2301013024602026 0.21024734982332155 0.23733719247467439 0.196113074204947 0.2460202604920405 0.16607773851590105 0.24746743849493488 0.1519434628975265 0.2460202604920405 0.13780918727915195 0.24167872648335745 0.12367491166077739 0.23733719247467439 0.11307420494699646 0.2301013024602026 0.10070671378091872 0.22431259044862517 0.09363957597173145 0.22286541244573083 0.09363957597173145 0.21562952243125905 0.08480565371024736 0.21128798842257598 0.0812720848056537 0.20260492040520983 0.07773851590106007 0.18958031837916064 0.06713780918727916 0.1736613603473227 0.061837455830388695 0.1476121562952243 0.061837455830388695 0.13024602026049203 0.06537102473498234
2 0.4109985528219971 0.20848056537102475 0.40665701881331406 0.21024734982332155 0.40665701881331406 0.21554770318021202 0.4109985528219971 0.2137809187279152 0.4109985528219971 0.20848056537102475 0.4240231548480463 0.16784452296819788 0.4240231548480463 0.18374558303886926 0.42257597684515197 0.1872791519434629 0.4211287988422576 0.18374558303886926 0.4211287988422576 0.18021201413427562 0.42257597684515197 0.1784452296819788 0.42257597684515197 0.17314487632508835 0.41389290882778584 0.1607773851590106 0.41389290882778584 0.15547703180212014 0.4196816208393632 0.14840989399293286 0.4182344428364689 0.1431095406360424 0.4196816208393632 0.12367491166077739 0.4182344428364689 0.12014134275618374 0.40955137481910275 0.11130742049469965 0.40665701881331406 0.10600706713780919 0.39363241678726485 0.09363957597173145 0.38929088277858176 0.08657243816254417 0.37771345875542695 0.07597173144876325 0.3589001447178003 0.0636042402826855 0.35021707670043417 0.06007067137809187 0.341534008683068 0.06007067137809187 0.3357452966714906 0.05653710247349823 0.31693198263386396 0.05653710247349823 0.30390738060781475 0.06007067137809187 0.2952243125904486 0.0636042402826855 0.2894356005788712 0.06713780918727916 0.28509406657018815 0.0706713780918728 0.26772793053545585 0.09187279151943463 0.2575976845151954 0.11837455830388692 0.25615050651230103 0.1254416961130742 0.25615050651230103 0.14487632508833923 0.2575976845151954 0.15724381625441697 0.26049204052098407 0.1696113074204947 0.2633863965267728 0.17491166077738515 0.2633863965267728 0.18021201413427562 0.26483357452966716 0.1855123674911661 0.26772793053545585 0.19081272084805653 0.2865412445730825 0.2137809187279152 0.30101302460202606 0.22614840989399293 0.3096960926193922 0.2314487632508834 0.32127351664254705 0.23498233215547704 0.35021707670043417 0.23498233215547704 0.3661360347322721 0.22968197879858657 0.38060781476121563 0.21201413427561838 0.3835021707670043 0.2137809187279152 0.40086830680173663 0.19257950530035337 0.4081041968162084 0.1784452296819788 0.40955137481910275 0.17314487632508835 0.40955137481910275 0.16784452296819788 0.4109985528219971 0.16431095406360424 0.41389290882778584 0.1607773851590106 0.42257597684515197 0.17314487632508835 0.4211287988422576 0.17137809187279152 0.4211287988422576 0.16431095406360424 0.42257597684515197 0.1607773851590106 0.42257597684515197 0.16607773851590105 0.4240231548480463 0.16784452296819788
2 0.45875542691751087 0.06890459363957598 0.447178002894356 0.07950530035335689 0.4399421128798842 0.08833922261484099 0.43270622286541244 0.10424028268551237 0.426917510853835 0.12367491166077739 0.426917510853835 0.15724381625441697 0.42981186685962375 0.17491166077738515 0.4341534008683068 0.1855123674911661 0.4442836468885673 0.20141342756183744 0.45296671490593343 0.21201413427561838 0.46599131693198265 0.2226148409893993 0.47756874095513746 0.22968197879858657 0.48625180897250364 0.2332155477031802 0.49493487698986977 0.23498233215547704 0.5137481910274964 0.23498233215547704 0.532561505065123 0.22968197879858657 0.5354558610709117 0.22614840989399293 0.5426917510853835 0.22438162544169613 0.5513748191027497 0.21731448763250882 0.5600578871201157 0.20848056537102475 0.5687409551374819 0.196113074204947 0.5774240231548481 0.17667844522968199 0.5803183791606368 0.1607773851590106 0.5803183791606368 0.13780918727915195 0.5774240231548481 0.12014134275618374 0.5745296671490593 0.11130742049469965 0.5716353111432706 0.10600706713780919 0.5542691751085383 0.08480565371024736 0.548480463096961 0.07950530035335689 0.5441389290882779 0.07773851590106007 0.5311143270622286 0.06537102473498234 0.5195369030390738 0.06007067137809187 0.5123010130246021 0.06007067137809187 0.5065123010130246 0.05653710247349823 0.487698986975398 0.05653710247349823 0.467438494934877 0.0636042402826855
2 0.6454413892908828 0.053003533568904596 0.6353111432706223 0.05830388692579505 0.6193921852387844 0.06890459363957598 0.6078147612156295 0.08303886925795052 0.6005788712011577 0.09717314487632508 0.5962373371924746 0.10777385159010601 0.5933429811866859 0.12014134275618374 0.5933429811866859 0.15547703180212014 0.5962373371924746 0.16784452296819788 0.6020260492040521 0.18197879858657243 0.6092619392185239 0.19434628975265017 0.6251808972503617 0.2137809187279152 0.6338639652677279 0.22084805653710246 0.6497829232995659 0.22968197879858657 0.6555716353111433 0.2314487632508834 0.683068017366136 0.2314487632508834 0.6931982633863966 0.22968197879858657 0.7192474674384949 0.21201413427561838 0.7337192474674384 0.19434628975265017 0.7366136034732272 0.1872791519434629 0.7424023154848046 0.16784452296819788 0.7452966714905933 0.1519434628975265 0.7467438494934877 0.13427561837455831 0.7467438494934877 0.1254416961130742 0.7424023154848046 0.11307420494699646 0.7264833574529667 0.08657243816254417 0.7134587554269175 0.07243816254416961 0.703328509406657 0.0636042402826855 0.6946454413892909 0.06007067137809187 0.6917510853835022 0.05653710247349823 0.678726483357453 0.05123674911660778 0.6541244573082489 0.05123674911660778
2 0.8176555716353111 0.05123674911660778 0.8060781476121563 0.05653710247349823 0.7945007235890015 0.0636042402826855 0.7858176555716353 0.0706713780918728 0.7785817655571635 0.07950530035335689 0.7713458755426917 0.09187279151943463 0.7655571635311144 0.10600706713780919 0.7626628075253257 0.12897526501766785 0.7626628075253257 0.14664310954063603 0.76410998552822 0.15901060070671377 0.768451519536903 0.17137809187279152 0.7800289435600579 0.19257950530035337 0.7973950795947902 0.2137809187279152 0.8031837916063675 0.21908127208480566 0.8118668596237337 0.22438162544169613 0.8205499276410999 0.22791519434628976 0.8277858176555717 0.22968197879858657 0.85383502170767 0.22968197879858657 0.8639652677279306 0.22614840989399293 0.8813314037626628 0.21554770318021202 0.8871201157742402 0.21024734982332155 0.8972503617945007 0.1978798586572438 0.9015918958031838 0.19081272084805653 0.9088277858176556 0.17314487632508835 0.9117221418234442 0.1607773851590106 0.9131693198263386 0.1519434628975265 0.914616497829233 0.13074204946996468 0.9131693198263386 0.12897526501766785 0.9131693198263386 0.12367491166077739 0.9073806078147613 0.10424028268551237 0.8986975397973951 0.08833922261484099 0.8856729377713459 0.07243816254416961 0.874095513748191 0.061837455830388695 0.8639652677279306 0.05653710247349823 0.8480463096960926 0.05123674911660778 0.8393632416787264 0.04946996466431095 0.829232995658466 0.04946996466431095
2 0.12590448625180897 0.2756183745583039 0.11722141823444283 0.2826855123674912 0.10419681620839363 0.29858657243816256 0.09840810419681621 0.30918727915194344 0.09261939218523878 0.3321554770318021 0.09117221418234443 0.3480565371024735 0.09117221418234443 0.3568904593639576 0.09261939218523878 0.37279151943462896 0.09696092619392185 0.38869257950530034 0.10274963820549927 0.4010600706713781 0.10709117221418235 0.4081272084805654 0.11432706222865413 0.4169611307420495 0.12735166425470332 0.4275618374558304 0.13603473227206947 0.43286219081272087 0.14905933429811866 0.4381625441696113 0.16063675832127353 0.4416961130742049 0.18668596237337193 0.4416961130742049 0.19536903039073805 0.43992932862190814 0.20839363241678727 0.43462897526501765 0.2141823444283647 0.43109540636042404 0.22286541244573083 0.42402826855123676 0.2301013024602026 0.41519434628975266 0.2402315484804631 0.39752650176678445 0.24457308248914617 0.3869257950530035 0.24891461649782923 0.3674911660777385 0.24891461649782923 0.3498233215547703 0.2460202604920405 0.3321554770318021 0.24167872648335745 0.31802120141342755 0.23444283646888567 0.30212014134275617 0.23299565846599132 0.3003533568904594 0.23154848046309695 0.3003533568904594 0.22575976845151954 0.2915194346289753 0.21562952243125905 0.2826855123674912 0.191027496382055 0.2703180212014134 0.18523878437047755 0.2703180212014134 0.1808972503617945 0.2667844522968198 0.17655571635311143 0.26501766784452296 0.1548480463096961 0.26501766784452296 0.14616497829232997 0.2667844522968198 0.14182344428364688 0.2703180212014134 0.13603473227206947 0.2703180212014134
2 0.3068017366136035 0.26501766784452296 0.2995658465991317 0.2703180212014134 0.29232995658465993 0.27208480565371024 0.28798842257597684 0.2756183745583039 0.28364688856729375 0.28091872791519434 0.2821997105643994 0.28091872791519434 0.26772793053545585 0.3003533568904594 0.2619392185238784 0.31448763250883394 0.2575976845151954 0.3321554770318021 0.25615050651230103 0.34452296819787986 0.2575976845151954 0.36925795053003535 0.2619392185238784 0.3869257950530035 0.2691751085383502 0.4028268551236749 0.2821997105643994 0.41872791519434627 0.29232995658465993 0.4275618374558304 0.3096960926193922 0.4381625441696113 0.31982633863965265 0.4416961130742049 0.3314037626628075 0.44346289752650175 0.3429811866859624 0.44346289752650175 0.35600578871201155 0.4416961130742049 0.3704775687409551 0.4363957597173145 0.3835021707670043 0.4275618374558304 0.3979739507959479 0.4098939929328622 0.402315484804631 0.4028268551236749 0.40520984081041966 0.3957597173144876 0.40955137481910275 0.37809187279151946 0.4109985528219971 0.36395759717314485 0.4109985528219971 0.3374558303886926 0.4081041968162084 0.3215547703180212 0.40520984081041966 0.31448763250883394 0.3979739507959479 0.30212014134275617 0.38639652677279307 0.2879858657243816 0.36468885672937773 0.27208480565371024 0.35745296671490595 0.2703180212014134 0.35021707670043417 0.26501766784452296 0.3342981186685962 0.26148409893992935 0.32127351664254705 0.26148409893992935
2 0.8162083936324168 0.26148409893992935 0.8075253256150506 0.26501766784452296 0.7916063675832128 0.2756183745583039 0.7771345875542692 0.29328621908127206 0.7698986975397974 0.30918727915194344 0.768451519536903 0.31448763250883394 0.768451519536903 0.3215547703180212 0.7655571635311144 0.3286219081272085 0.76410998552822 0.3409893992932862 0.76410998552822 0.35159010600706714 0.7655571635311144 0.35335689045936397 0.7655571635311144 0.3657243816254417 0.7698986975397974 0.38162544169611307 0.7771345875542692 0.39752650176678445 0.7945007235890015 0.41872791519434627 0.808972503617945 0.4293286219081272 0.8263386396526773 0.4363957597173145 0.8335745296671491 0.4381625441696113 0.849493487698987 0.4381625441696113 0.8712011577424024 0.43109540636042404 0.8842257597684515 0.42226148409893993 0.8986975397973951 0.40636042402826855 0.9044862518089725 0.39752650176678445 0.9088277858176556 0.3869257950530035 0.9117221418234442 0.3763250883392226 0.914616497829233 0.36042402826855124 0.914616497829233 0.3303886925795053 0.91027496382055 0.3127208480565371 0.9059334298118669 0.30212014134275617 0.9015918958031838 0.2950530035335689 0.8900144717800289 0.28091872791519434 0.8842257597684515 0.2756183745583039 0.8755426917510853 0.2703180212014134 0.8581765557163531 0.26148409893992935 0.8509406657018813 0.2597173144876325 0.8248914616497829 0.2597173144876325
2 0.1316931982633864 0.48056537102473496 0.12590448625180897 0.4840989399293286 0.11287988422575977 0.49469964664310956 0.10274963820549927 0.5070671378091873 0.09840810419681621 0.5141342756183745 0.09261939218523878 0.5265017667844523 0.08972503617945007 0.5388692579505301 0.08827785817655572 0.5547703180212014 0.08827785817655572 0.5706713780918727 0.09261939218523878 0.5954063604240283 0.09985528219971057 0.6113074204946997 0.11432706222865413 0.6289752650176679 0.12301013024602026 0.6360424028268551 0.1316931982633864 0.6413427561837456 0.15195369030390737 0.6484098939929329 0.16353111432706222 0.6501766784452296 0.17510853835021709 0.6501766784452296 0.18523878437047755 0.6484098939929329 0.20260492040520983 0.6413427561837456 0.21562952243125905 0.6342756183745583 0.22286541244573083 0.627208480565371 0.23299565846599132 0.6130742049469965 0.2402315484804631 0.5971731448763251 0.24312590448625182 0.5795053003533569 0.24312590448625182 0.5406360424028268 0.23733719247467439 0.5212014134275619 0.22865412445730826 0.5070671378091873 0.22286541244573083 0.5 0.21562952243125905 0.4929328621908127 0.1939218523878437 0.48056537102473496 0.18813314037626627 0.48056537102473496 0.1837916063675832 0.47703180212014135 0.170767004341534 0.4734982332155477 0.15195369030390737 0.4734982332155477 0.1447178002894356 0.4752650176678445
2 0.30824891461649784 0.4752650176678445 0.29088277858176553 0.4840989399293286 0.2793053545586107 0.49469964664310956 0.2793053545586107 0.49646643109540634 0.2691751085383502 0.5070671378091873 0.2633863965267728 0.5176678445229682 0.26049204052098407 0.5247349823321554 0.25615050651230103 0.5459363957597173 0.25615050651230103 0.5706713780918727 0.2619392185238784 0.5971731448763251 0.2691751085383502 0.6148409893992933 0.2793053545586107 0.627208480565371 0.28798842257597684 0.6342756183745583 0.3096960926193922 0.6466431095406361 0.3154848046309696 0.6484098939929329 0.32706222865412443 0.6484098939929329 0.32850940665701883 0.6501766784452296 0.3386396526772793 0.6501766784452296 0.34876989869753977 0.6484098939929329 0.35311143270622286 0.6466431095406361 0.36034732272069464 0.6413427561837456 0.3719247467438495 0.6378091872791519 0.3791606367583213 0.6325088339222615 0.39652677279305354 0.6113074204946997 0.4037626628075253 0.598939929328622 0.4109985528219971 0.5812720848056537 0.41244573082489144 0.5759717314487632 0.41389290882778584 0.558303886925795 0.40955137481910275 0.5335689045936396 0.40665701881331406 0.5247349823321554 0.3994211287988423 0.5106007067137809 0.3907380607814761 0.5 0.3849493487698987 0.49469964664310956 0.3661360347322721 0.4823321554770318 0.35021707670043417 0.4752650176678445 0.3342981186685962 0.4717314487632509 0.3227206946454414 0.4717314487632509
2 0.47901591895803186 0.4717314487632509 0.4573082489146165 0.4840989399293286 0.44862518089725034 0.4911660777385159 0.4442836468885673 0.49646643109540634 0.43270622286541244 0.5141342756183745 0.4283646888567294 0.5247349823321554 0.42547033285094066 0.5388692579505301 0.42547033285094066 0.5724381625441696 0.42981186685962375 0.5918727915194346 0.4356005788712012 0.6060070671378092 0.4384949348769899 0.6113074204946997 0.45296671490593343 0.6289752650176679 0.467438494934877 0.6395759717314488 0.47467438494934877 0.6431095406360424 0.47901591895803186 0.6431095406360424 0.4833574529667149 0.6466431095406361 0.4905933429811867 0.6484098939929329 0.5123010130246021 0.6484098939929329 0.5282199710564399 0.6413427561837456 0.5412445730824892 0.6325088339222615 0.5499276410998553 0.6236749116607774 0.5615050651230101 0.6095406360424028 0.5687409551374819 0.5971731448763251 0.5745296671490593 0.5830388692579506 0.5759768451519537 0.5777385159010601 0.5759768451519537 0.5388692579505301 0.573082489146165 0.5265017667844523 0.5687409551374819 0.5159010600706714 0.5658465991316932 0.5123674911660777 0.5643994211287988 0.5123674911660777 0.5629522431259045 0.5106007067137809 0.5615050651230101 0.5053003533568905 0.552821997105644 0.49469964664310956 0.548480463096961 0.4929328621908127 0.5441389290882779 0.48586572438162545 0.5397973950795948 0.4823321554770318 0.5296671490593343 0.47703180212014135 0.5151953690303908 0.4717314487632509 0.5050651230101303 0.46996466431095407 0.487698986975398 0.46996466431095407
2 0.6497829232995659 0.46996466431095407 0.6353111432706223 0.4752650176678445 0.6193921852387844 0.48586572438162545 0.6034732272069464 0.5053003533568905 0.6005788712011577 0.5106007067137809 0.5933429811866859 0.5282685512367491 0.5918958031837916 0.5406360424028268 0.5918958031837916 0.568904593639576 0.5933429811866859 0.5812720848056537 0.597684515195369 0.5954063604240283 0.6049204052098408 0.607773851590106 0.6208393632416788 0.627208480565371 0.6295224312590448 0.6342756183745583 0.638205499276411 0.6395759717314488 0.6468885672937771 0.6431095406360424 0.6570188133140377 0.6448763250883393 0.6772793053545586 0.6448763250883393 0.6859623733719248 0.6431095406360424 0.7018813314037626 0.6360424028268551 0.7062228654124457 0.6307420494699647 0.7105643994211288 0.6289752650176679 0.7163531114327062 0.6236749116607774 0.7221418234442837 0.6166077738515902 0.7221418234442837 0.6148409893992933 0.7293777134587555 0.6060070671378092 0.7337192474674384 0.598939929328622 0.743849493487699 0.5671378091872792 0.743849493487699 0.5371024734982333 0.7424023154848046 0.5247349823321554 0.7409551374819102 0.519434628975265 0.7351664254703328 0.5070671378091873 0.7250361794500724 0.49469964664310956 0.7178002894356006 0.4876325088339223 0.7105643994211288 0.4823321554770318 0.6975397973950795 0.4752650176678445 0.6888567293777135 0.4717314487632509 0.6714905933429812 0.46819787985865724 0.662807525325615 0.46819787985865724
2 0.8075253256150506 0.4717314487632509 0.8017366136034733 0.4752650176678445 0.788712011577424 0.48586572438162545 0.7771345875542692 0.5 0.7713458755426917 0.5123674911660777 0.7670043415340086 0.5265017667844523 0.76410998552822 0.5406360424028268 0.76410998552822 0.568904593639576 0.7670043415340086 0.5830388692579506 0.7727930535455861 0.5971731448763251 0.7858176555716353 0.6166077738515902 0.7959479015918958 0.627208480565371 0.8104196816208393 0.6360424028268551 0.8219971056439942 0.6395759717314488 0.8321273516642547 0.6413427561837456 0.8509406657018813 0.6413427561837456 0.8639652677279306 0.6378091872791519 0.8712011577424024 0.6342756183745583 0.8784370477568741 0.6289752650176679 0.8900144717800289 0.6183745583038869 0.9030390738060782 0.6007067137809188 0.9059334298118669 0.5954063604240283 0.9160636758321273 0.558303886925795 0.9160636758321273 0.5353356890459364 0.9131693198263386 0.5247349823321554 0.9044862518089725 0.5053003533568905 0.8986975397973951 0.49646643109540634 0.8900144717800289 0.48586572438162545 0.8827785817655571 0.4823321554770318 0.8755426917510853 0.4752650176678445 0.8726483357452967 0.4734982332155477 0.85383502170767 0.4664310954063604 0.8219971056439942 0.4664310954063604
2 0.1476121562952243 0.6802120141342756 0.13314037626628075 0.6855123674911661 0.12011577424023155 0.6943462897526502 0.10998552821997105 0.7049469964664311 0.1085383502170767 0.7049469964664311 0.10564399421128799 0.7084805653710248 0.10564399421128799 0.7102473498233216 0.10130246020260492 0.715547703180212 0.09840810419681621 0.7208480565371025 0.09406657018813314 0.7314487632508834 0.08972503617945007 0.7508833922261484 0.08972503617945007 0.7756183745583038 0.09261939218523878 0.7950530035335689 0.09840810419681621 0.8091872791519434 0.10419681620839363 0.8162544169611308 0.10709117221418235 0.823321554770318 0.11287988422575977 0.8303886925795053 0.11866859623733719 0.833922261484099 0.12445730824891461 0.8409893992932862 0.13748191027496381 0.8480565371024735 0.14905933429811866 0.8515901060070671 0.17655571635311143 0.8515901060070671 0.1939218523878437 0.8462897526501767 0.20260492040520983 0.8409893992932862 0.20694645441389292 0.8356890459363958 0.22286541244573083 0.8268551236749117 0.23733719247467439 0.8091872791519434 0.2402315484804631 0.803886925795053 0.24457308248914617 0.7897526501766784 0.2460202604920405 0.7809187279151943 0.2460202604920405 0.7438162544169611 0.24457308248914617 0.734982332155477 0.2402315484804631 0.7226148409893993 0.22865412445730826 0.7031802120141343 0.22141823444283648 0.696113074204947 0.2040520984081042 0.6855123674911661 0.191027496382055 0.6802120141342756 0.1837916063675832 0.6784452296819788 0.15629522431259044 0.6784452296819788
2 0.30101302460202606 0.6855123674911661 0.28798842257597684 0.6943462897526502 0.2821997105643994 0.6996466431095406 0.26772793053545585 0.7173144876325088 0.26049204052098407 0.7367491166077739 0.2575976845151954 0.7526501766784452 0.2575976845151954 0.7756183745583038 0.26049204052098407 0.7950530035335689 0.2633863965267728 0.8056537102473498 0.2706222865412446 0.8215547703180212 0.28075253256150506 0.833922261484099 0.2995658465991317 0.8480565371024735 0.30824891461649784 0.8515901060070671 0.3154848046309696 0.8533568904593639 0.34876989869753977 0.8533568904593639 0.3545586107091172 0.8515901060070671 0.37337192474674386 0.8392226148409894 0.3791606367583213 0.833922261484099 0.3878437047756874 0.823321554770318 0.3907380607814761 0.8144876325088339 0.4037626628075253 0.7985865724381626 0.40665701881331406 0.7932862190812721 0.4109985528219971 0.7809187279151943 0.41244573082489144 0.773851590106007 0.41244573082489144 0.7491166077738516 0.4109985528219971 0.7420494699646644 0.40520984081041966 0.7226148409893993 0.40086830680173663 0.7137809187279152 0.39363241678726485 0.7049469964664311 0.3878437047756874 0.6996466431095406 0.37626628075253254 0.6925795053003534 0.36903039073806077 0.6908127208480566 0.361794500723589 0.6855123674911661 0.34876989869753977 0.6802120141342756 0.3342981186685962 0.6784452296819788 0.32706222865412443 0.6784452296819788 0.3154848046309696 0.6802120141342756
2 0.492040520984081 0.6749116607773852 0.48191027496382055 0.676678445229682 0.4717800289435601 0.6802120141342756 0.4515195369030391 0.6925795053003534 0.447178002894356 0.696113074204947 0.4399421128798842 0.7049469964664311 0.42981186685962375 0.7208480565371025 0.42547033285094066 0.7332155477031802 0.4211287988422576 0.7544169611307421 0.4211287988422576 0.7720848056537103 0.42547033285094066 0.7950530035335689 0.42981186685962375 0.8074204946996466 0.4356005788712012 0.8180212014134276 0.44862518089725034 0.833922261484099 0.45296671490593343 0.8374558303886925 0.467438494934877 0.8462897526501767 0.47756874095513746 0.8498233215547704 0.48480463096960924 0.8515901060070671 0.5065123010130246 0.8515901060070671 0.5195369030390738 0.8480565371024735 0.5369030390738061 0.8392226148409894 0.5441389290882779 0.833922261484099 0.5513748191027497 0.8250883392226148 0.5557163531114327 0.8180212014134276 0.557163531114327 0.8127208480565371 0.5615050651230101 0.8074204946996466 0.5643994211287988 0.8003533568904594 0.5759768451519537 0.7614840989399293 0.5759768451519537 0.7544169611307421 0.5716353111432706 0.7314487632508834 0.5643994211287988 0.7137809187279152 0.552821997105644 0.6996466431095406 0.5470332850940666 0.6943462897526502 0.5282199710564399 0.6819787985865724 0.5195369030390738 0.6784452296819788 0.5021707670043415 0.6749116607773852
2 0.6439942112879884 0.6819787985865724 0.6251808972503617 0.6925795053003534 0.6164978292329957 0.6996466431095406 0.6078147612156295 0.7102473498233216 0.6020260492040521 0.7208480565371025 0.5962373371924746 0.734982332155477 0.5933429811866859 0.7508833922261484 0.5933429811866859 0.7791519434628975 0.5947901591895803 0.7897526501766784 0.597684515195369 0.8003533568904594 0.6005788712011577 0.8074204946996466 0.6049204052098408 0.8127208480565371 0.6063675832127352 0.8180212014134276 0.6121562952243126 0.8250883392226148 0.6121562952243126 0.8268551236749117 0.6164978292329957 0.8321554770318021 0.61794500723589 0.8321554770318021 0.6237337192474675 0.8392226148409894 0.638205499276411 0.8480565371024735 0.6483357452966715 0.8515901060070671 0.658465991316932 0.8533568904593639 0.6772793053545586 0.8533568904593639 0.6874095513748191 0.8515901060070671 0.7004341534008683 0.8462897526501767 0.7062228654124457 0.8392226148409894 0.7091172214182344 0.8392226148409894 0.7120115774240231 0.8374558303886925 0.7221418234442837 0.8268551236749117 0.7308248914616498 0.8162544169611308 0.7351664254703328 0.8091872791519434 0.7395079594790159 0.7985865724381626 0.743849493487699 0.7791519434628975 0.743849493487699 0.7491166077738516 0.7395079594790159 0.7296819787985865 0.7337192474674384 0.715547703180212 0.7250361794500724 0.7049469964664311 0.7192474674384949 0.7014134275618374 0.7134587554269175 0.6943462897526502 0.6946454413892909 0.6837455830388692 0.6845151953690304 0.6802120141342756 0.6758321273516642 0.6784452296819788 0.658465991316932 0.6784452296819788
2 0.8162083936324168 0.6784452296819788 0.8075253256150506 0.6819787985865724 0.7916063675832128 0.6925795053003534 0.7756874095513748 0.7120141342756183 0.7727930535455861 0.7173144876325088 0.7670043415340086 0.7314487632508834 0.7655571635311144 0.7367491166077739 0.76410998552822 0.7473498233215548 0.76410998552822 0.7826855123674912 0.7655571635311144 0.7932862190812721 0.7713458755426917 0.8074204946996466 0.7771345875542692 0.8180212014134276 0.7858176555716353 0.8286219081272085 0.7959479015918958 0.8374558303886925 0.8104196816208393 0.8462897526501767 0.8205499276410999 0.8498233215547704 0.8321273516642547 0.8515901060070671 0.8451519536903039 0.8515901060070671 0.8552821997105644 0.8498233215547704 0.8596237337192475 0.8480565371024735 0.8712011577424024 0.8409893992932862 0.8842257597684515 0.8303886925795053 0.8900144717800289 0.823321554770318 0.8900144717800289 0.8215547703180212 0.8972503617945007 0.8127208480565371 0.9015918958031838 0.8056537102473498 0.9044862518089725 0.7985865724381626 0.9088277858176556 0.7791519434628975 0.91027496382055 0.7632508833922261 0.91027496382055 0.7491166077738516 0.9088277858176556 0.734982332155477 0.9059334298118669 0.7208480565371025 0.9001447178002895 0.7084805653710248 0.8958031837916064 0.7014134275618374 0.8900144717800289 0.6943462897526502 0.874095513748191 0.6837455830388692 0.85383502170767 0.676678445229682 0.8248914616497829 0.676678445229682
