2 0.46164978292329956 0.27208480565371024 0.45296671490593343 0.2791519434628975 0.4370477568740955 0.29858657243816256 0.42981186685962375 0.3127208480565371 0.42547033285094066 0.32332155477031804 0.42257597684515197 0.3480565371024735 0.42257597684515197 0.3568904593639576 0.4240231548480463 0.3586572438162544 0.4240231548480463 0.36925795053003535 0.42547033285094066 0.3763250883392226 0.4312590448625181 0.392226148409894 0.4341534008683068 0.39752650176678445 0.4442836468885673 0.411660777385159 0.4544138929088278 0.42402826855123676 0.4630969609261939 0.43109540636042404 0.47901591895803186 0.43992932862190814 0.48480463096960924 0.4416961130742049 0.49782923299565845 0.44346289752650175 0.5137481910274964 0.4416961130742049 0.5253256150506512 0.4381625441696113 0.5412445730824892 0.4293286219081272 0.5557163531114327 0.41519434628975266 0.5629522431259045 0.40636042402826855 0.5658465991316932 0.4010600706713781 0.5658465991316932 0.3992932862190813 0.5687409551374819 0.39752650176678445 0.5701881331403763 0.392226148409894 0.5716353111432706 0.39045936395759717 0.573082489146165 0.3833922261484099 0.5759768451519537 0.37985865724381623 0.5774240231548481 0.3763250883392226 0.5803183791606368 0.3551236749116608 0.5774240231548481 0.3321554770318021 0.573082489146165 0.31625441696113077 0.5658465991316932 0.303886925795053 0.5557163531114327 0.2915194346289753 0.5513748191027497 0.28975265017667845 0.5455861070911722 0.2826855123674912 0.5397973950795948 0.2773851590106007 0.5195369030390738 0.2667844522968198 0.5065123010130246 0.26325088339222613 0.48625180897250364 0.26325088339222613 0.47756874095513746 0.26501766784452296
2 0.6367583212735166 0.2667844522968198 0.622286541244573 0.2756183745583039 0.6078147612156295 0.29328621908127206 0.6034732272069464 0.3003533568904594 0.597684515195369 0.31448763250883394 0.5947901591895803 0.3286219081272085 0.5933429811866859 0.34452296819787986 0.5933429811866859 0.3551236749116608 0.5962373371924746 0.3710247349823322 0.597684515195369 0.3763250883392226 0.6078147612156295 0.3992932862190813 0.6164978292329957 0.4134275618374558 0.6237337192474675 0.4204946996466431 0.6396526772793053 0.43109540636042404 0.6526772793053546 0.4363957597173145 0.6599131693198264 0.4381625441696113 0.6772793053545586 0.4381625441696113 0.6845151953690304 0.4363957597173145 0.6888567293777135 0.43286219081272087 0.6931982633863966 0.43286219081272087 0.6975397973950795 0.43109540636042404 0.7134587554269175 0.41872791519434627 0.723589001447178 0.4045936395759717 0.7308248914616498 0.3992932862190813 0.7351664254703328 0.39399293286219084 0.7395079594790159 0.3833922261484099 0.7452966714905933 0.3621908127208481 0.7452966714905933 0.3286219081272085 0.7424023154848046 0.31802120141342755 0.7366136034732272 0.30565371024734983 0.723589001447178 0.28975265017667845 0.7047756874095513 0.27208480565371024 0.6874095513748191 0.26325088339222613 0.6729377713458755 0.2597173144876325 0.6512301013024602 0.26148409893992935
2 0.8205499276410999 0.2579505300353357 0.804630969609262 0.26325088339222613 0.7973950795947902 0.2703180212014134 0.7945007235890015 0.2703180212014134 0.7901591895803184 0.27385159010600707 0.7814761215629522 0.284452296819788 0.7727930535455861 0.29858657243816256 0.768451519536903 0.3127208480565371 0.76410998552822 0.3339222614840989 0.76410998552822 0.3498233215547703 0.7655571635311144 0.3621908127208481 0.768451519536903 0.3763250883392226 0.7785817655571635 0.3992932862190813 0.784370477568741 0.4081272084805654 0.7945007235890015 0.41872791519434627 0.8118668596237337 0.4293286219081272 0.8263386396526773 0.43462897526501765 0.8480463096960926 0.43462897526501765 0.8639652677279306 0.4293286219081272 0.8726483357452967 0.42402826855123676 0.8798842257597684 0.41872791519434627 0.8871201157742402 0.4098939929328622 0.894356005788712 0.40636042402826855 0.9001447178002895 0.3992932862190813 0.9073806078147613 0.38515901060070673 0.9088277858176556 0.3745583038869258 0.9117221418234442 0.36925795053003535 0.914616497829233 0.3586572438162544 0.914616497829233 0.3462897526501767 0.9160636758321273 0.34452296819787986 0.9160636758321273 0.3339222614840989 0.9117221418234442 0.31625441696113077 0.9059334298118669 0.3003533568904594 0.9030390738060782 0.2950530035335689 0.8885672937771346 0.2773851590106007 0.8827785817655571 0.27208480565371024 0.8668596237337193 0.26325088339222613 0.8509406657018813 0.2579505300353357
2 0.1345875542691751 0.4787985865724382 0.12156295224312591 0.48586572438162545 0.11577424023154848 0.4911660777385159 0.10998552821997105 0.49823321554770317 0.1085383502170767 0.49823321554770317 0.10419681620839363 0.5035335689045937 0.10419681620839363 0.5053003533568905 0.09840810419681621 0.5123674911660777 0.0955137481910275 0.519434628975265 0.09261939218523878 0.5300353356890459 0.08972503617945007 0.5335689045936396 0.08827785817655572 0.5424028268551236 0.08827785817655572 0.5759717314487632 0.08972503617945007 0.5848056537102474 0.09406657018813314 0.598939929328622 0.10130246020260492 0.6130742049469965 0.10564399421128799 0.6183745583038869 0.10564399421128799 0.6201413427561837 0.1085383502170767 0.6236749116607774 0.11287988422575977 0.6254416961130742 0.12445730824891461 0.6360424028268551 0.13603473227206947 0.6431095406360424 0.15195369030390737 0.6484098939929329 0.17945007235890015 0.6484098939929329 0.18668596237337193 0.6466431095406361 0.19971056439942114 0.6413427561837456 0.21852387843704776 0.6307420494699647 0.22865412445730826 0.6219081272084805 0.23299565846599132 0.6166077738515902 0.24457308248914617 0.588339222614841 0.24746743849493488 0.5724381625441696 0.24746743849493488 0.549469964664311 0.2460202604920405 0.5406360424028268 0.24312590448625182 0.5300353356890459 0.2402315484804631 0.5229681978798587 0.23299565846599132 0.5106007067137809 0.22575976845151954 0.5 0.2170767004341534 0.4911660777385159 0.20549927641099855 0.4840989399293286 0.18813314037626627 0.47703180212014135 0.1736613603473227 0.4734982332155477 0.14905933429811866 0.4734982332155477
2 0.3299565846599132 0.4717314487632509 0.3111432706222865 0.4752650176678445 0.2981186685962373 0.48056537102473496 0.2894356005788712 0.48586572438162545 0.2821997105643994 0.4929328621908127 0.2706222865412446 0.5070671378091873 0.2619392185238784 0.5265017667844523 0.2590448625180897 0.5388692579505301 0.2575976845151954 0.549469964664311 0.2575976845151954 0.5724381625441696 0.26049204052098407 0.5901060070671378 0.2633863965267728 0.598939929328622 0.27206946454413894 0.6130742049469965 0.2894356005788712 0.6342756183745583 0.3024602026049204 0.6431095406360424 0.3140376266280753 0.6484098939929329 0.3256150506512301 0.6519434628975265 0.341534008683068 0.6519434628975265 0.35311143270622286 0.6484098939929329 0.3589001447178003 0.6448763250883393 0.361794500723589 0.6413427561837456 0.3675832127351664 0.6378091872791519 0.3835021707670043 0.6307420494699647 0.39652677279305354 0.6166077738515902 0.40086830680173663 0.6095406360424028 0.40665701881331406 0.5954063604240283 0.4109985528219971 0.5795053003533569 0.41244573082489144 0.5706713780918727 0.41244573082489144 0.5530035335689046 0.40955137481910275 0.5388692579505301 0.40520984081041966 0.5247349823321554 0.39652677279305354 0.508833922261484 0.3835021707670043 0.4929328621908127 0.3675832127351664 0.4823321554770318 0.35021707670043417 0.4752650176678445
2 0.487698986975398 0.46996466431095407 0.4732272069464544 0.4752650176678445 0.4602026049204052 0.4823321554770318 0.4558610709117221 0.48586572438162545 0.4399421128798842 0.5053003533568905 0.43270622286541244 0.519434628975265 0.426917510853835 0.5406360424028268 0.426917510853835 0.5706713780918727 0.42981186685962375 0.5865724381625441 0.4341534008683068 0.5971731448763251 0.4442836468885673 0.6148409893992933 0.4573082489146165 0.6307420494699647 0.4732272069464544 0.6413427561837456 0.47756874095513746 0.6431095406360424 0.4833574529667149 0.6431095406360424 0.48914616497829233 0.6466431095406361 0.5123010130246021 0.6466431095406361 0.5267727930535456 0.6413427561837456 0.5441389290882779 0.6307420494699647 0.5499276410998553 0.6236749116607774 0.5586107091172214 0.6166077738515902 0.5600578871201157 0.6166077738515902 0.5615050651230101 0.6148409893992933 0.5615050651230101 0.6130742049469965 0.5716353111432706 0.6024734982332155 0.5759768451519537 0.5936395759717314 0.5788712011577424 0.5795053003533569 0.5803183791606368 0.5671378091872792 0.5803183791606368 0.5441696113074205 0.5774240231548481 0.5247349823321554 0.5701881331403763 0.508833922261484 0.5643994211287988 0.5 0.552821997105644 0.4876325088339223 0.548480463096961 0.4840989399293286 0.5354558610709117 0.47703180212014135 0.5123010130246021 0.46996466431095407
2 0.6541244573082489 0.46819787985865724 0.6338639652677279 0.4752650176678445 0.6295224312590448 0.48056537102473496 0.6251808972503617 0.4823321554770318 0.6193921852387844 0.4876325088339223 0.6078147612156295 0.5017667844522968 0.6020260492040521 0.5123674911660777 0.5962373371924746 0.5265017667844523 0.5947901591895803 0.5371024734982333 0.5947901591895803 0.5653710247349824 0.597684515195369 0.5848056537102474 0.6063675832127352 0.6060070671378092 0.613603473227207 0.6183745583038869 0.622286541244573 0.6289752650176679 0.6266280752532561 0.6325088339222615 0.6454413892908828 0.6431095406360424 0.658465991316932 0.6466431095406361 0.6729377713458755 0.6466431095406361 0.6874095513748191 0.6431095406360424 0.6989869753979739 0.6378091872791519 0.7047756874095513 0.6307420494699647 0.7120115774240231 0.627208480565371 0.7221418234442837 0.6148409893992933 0.7395079594790159 0.588339222614841 0.7452966714905933 0.5653710247349824 0.7452966714905933 0.5388692579505301 0.743849493487699 0.5300353356890459 0.7409551374819102 0.519434628975265 0.7337192474674384 0.5035335689045937 0.7221418234442837 0.4911660777385159 0.7192474674384949 0.48586572438162545 0.7149059334298119 0.4840989399293286 0.7047756874095513 0.47703180212014135 0.6859623733719248 0.46996466431095407 0.678726483357453 0.46819787985865724
2 0.8263386396526773 0.46466431095406363 0.8191027496382055 0.4664310954063604 0.8104196816208393 0.46996466431095407 0.7930535455861071 0.48056537102473496 0.788712011577424 0.4840989399293286 0.7785817655571635 0.49646643109540634 0.7727930535455861 0.5070671378091873 0.7655571635311144 0.5247349823321554 0.76410998552822 0.5318021201413428 0.7626628075253257 0.5459363957597173 0.7626628075253257 0.5600706713780919 0.7655571635311144 0.5795053003533569 0.7742402315484804 0.6024734982332155 0.7800289435600579 0.6130742049469965 0.7916063675832128 0.627208480565371 0.7959479015918958 0.6307420494699647 0.8147612156295224 0.6413427561837456 0.8277858176555717 0.6448763250883393 0.8451519536903039 0.6448763250883393 0.8567293777134588 0.6413427561837456 0.8726483357452967 0.6325088339222615 0.8842257597684515 0.6219081272084805 0.8900144717800289 0.6148409893992933 0.9001447178002895 0.5971731448763251 0.9044862518089725 0.5865724381625441 0.9088277858176556 0.568904593639576 0.91027496382055 0.5547703180212014 0.91027496382055 0.5477031802120141 0.9088277858176556 0.5459363957597173 0.9088277858176556 0.5371024734982333 0.9059334298118669 0.5265017667844523 0.8972503617945007 0.5035335689045937 0.8914616497829233 0.49469964664310956 0.8827785817655571 0.4840989399293286 0.8683068017366136 0.4734982332155477 0.8509406657018813 0.4664310954063604 0.8408104196816208 0.46466431095406363
2 0.2098408104196816 0.6908127208480566 0.19971056439942114 0.6890459363957597 0.19536903039073805 0.6855123674911661 0.17945007235890015 0.6802120141342756 0.16642547033285093 0.6784452296819788 0.15918958031837915 0.6784452296819788 0.1577424023154848 0.6802120141342756 0.14905933429811866 0.6802120141342756 0.14182344428364688 0.6819787985865724 0.13314037626628075 0.6855123674911661 0.11866859623733719 0.6943462897526502 0.10709117221418235 0.7049469964664311 0.0955137481910275 0.7226148409893993 0.09117221418234443 0.7332155477031802 0.08827785817655572 0.7438162544169611 0.08683068017366136 0.7544169611307421 0.08683068017366136 0.7756183745583038 0.08972503617945007 0.7950530035335689 0.0955137481910275 0.8109540636042403 0.10564399421128799 0.8268551236749117 0.11143270622286541 0.8321554770318021 0.11722141823444283 0.8356890459363958 0.12301013024602026 0.842756183745583 0.13024602026049203 0.8480565371024735 0.1389290882778582 0.8515901060070671 0.14616497829232997 0.8533568904593639 0.170767004341534 0.8533568904593639 0.18523878437047755 0.8498233215547704 0.2011577424023155 0.8409893992932862 0.21128798842257598 0.8321554770318021 0.23733719247467439 0.8003533568904594 0.2402315484804631 0.7950530035335689 0.24457308248914617 0.7773851590106007 0.2460202604920405 0.7544169611307421 0.24312590448625182 0.734982332155477 0.2402315484804631 0.726148409893993 0.23299565846599132 0.7137809187279152 0.23154848046309695 0.7137809187279152 0.22431259044862517 0.7031802120141343 0.2170767004341534 0.696113074204947
2 0.37626628075253254 0.6908127208480566 0.3719247467438495 0.6908127208480566 0.36324167872648333 0.6855123674911661 0.34876989869753977 0.6802120141342756 0.33719247467438496 0.6784452296819788 0.32706222865412443 0.6784452296819788 0.3154848046309696 0.6802120141342756 0.30101302460202606 0.6855123674911661 0.2894356005788712 0.6925795053003534 0.28509406657018815 0.696113074204947 0.2691751085383502 0.7137809187279152 0.26483357452966716 0.7208480565371025 0.2575976845151954 0.7455830388692579 0.25615050651230103 0.7526501766784452 0.25615050651230103 0.7756183745583038 0.2590448625180897 0.7932862190812721 0.26483357452966716 0.8127208480565371 0.27206946454413894 0.8250883392226148 0.28509406657018815 0.8392226148409894 0.2937771345875543 0.8462897526501767 0.30390738060781475 0.8515901060070671 0.3183791606367583 0.8551236749116607 0.33285094066570187 0.8551236749116607 0.3516642547033285 0.8515901060070671 0.35600578871201155 0.8498233215547704 0.3719247467438495 0.8392226148409894 0.3950795947901592 0.8091872791519434 0.402315484804631 0.8056537102473498 0.4081041968162084 0.7985865724381626 0.41244573082489144 0.7862190812720848 0.41389290882778584 0.773851590106007 0.41389290882778584 0.7561837455830389 0.40955137481910275 0.7367491166077739 0.40665701881331406 0.7296819787985865 0.3979739507959479 0.7137809187279152 0.38639652677279307 0.6996466431095406
2 0.47467438494934877 0.6819787985865724 0.4703328509406657 0.6855123674911661 0.46599131693198265 0.6855123674911661 0.45296671490593343 0.6943462897526502 0.44573082489146165 0.7031802120141343 0.4384949348769899 0.7137809187279152 0.42981186685962375 0.7296819787985865 0.426917510853835 0.7385159010600707 0.4240231548480463 0.7561837455830389 0.4240231548480463 0.7756183745583038 0.426917510853835 0.7915194346289752 0.42981186685962375 0.8021201413427562 0.4399421128798842 0.8215547703180212 0.4515195369030391 0.8374558303886925 0.45875542691751087 0.842756183745583 0.467438494934877 0.8480565371024735 0.4761215629522431 0.8515901060070671 0.4833574529667149 0.8533568904593639 0.5137481910274964 0.8533568904593639 0.5195369030390738 0.8515901060070671 0.5296671490593343 0.8462897526501767 0.5340086830680174 0.8409893992932862 0.5412445730824892 0.8374558303886925 0.557163531114327 0.8180212014134276 0.5629522431259045 0.803886925795053 0.5672937771345875 0.7985865724381626 0.5701881331403763 0.7897526501766784 0.5759768451519537 0.7809187279151943 0.5774240231548481 0.7756183745583038 0.5788712011577424 0.7597173144876325 0.5774240231548481 0.7385159010600707 0.5759768451519537 0.7332155477031802 0.5701881331403763 0.7190812720848057 0.5658465991316932 0.7137809187279152 0.5658465991316932 0.7120141342756183 0.5629522431259045 0.7084805653710248 0.5615050651230101 0.7084805653710248 0.552821997105644 0.696113074204947 0.5455861070911722 0.6908127208480566 0.5238784370477568 0.6819787985865724 0.5094066570188133 0.6784452296819788 0.48914616497829233 0.6784452296819788
2 0.6613603473227206 0.676678445229682 0.6468885672937771 0.6802120141342756 0.6353111432706223 0.6855123674911661 0.61794500723589 0.6996466431095406 0.6092619392185239 0.7102473498233216 0.6049204052098408 0.7208480565371025 0.597684515195369 0.7314487632508834 0.5947901591895803 0.7508833922261484 0.5933429811866859 0.7703180212014135 0.5962373371924746 0.7932862190812721 0.6020260492040521 0.8074204946996466 0.6078147612156295 0.8197879858657244 0.6121562952243126 0.8268551236749117 0.622286541244573 0.8392226148409894 0.6353111432706223 0.8480565371024735 0.6439942112879884 0.8515901060070671 0.658465991316932 0.8551236749116607 0.6714905933429812 0.8551236749116607 0.683068017366136 0.8533568904593639 0.6888567293777135 0.8515901060070671 0.6989869753979739 0.8462897526501767 0.7047756874095513 0.8392226148409894 0.7076700434153401 0.8392226148409894 0.7120115774240231 0.8356890459363958 0.7206946454413893 0.8250883392226148 0.7264833574529667 0.8162544169611308 0.7322720694645442 0.8056537102473498 0.7395079594790159 0.784452296819788 0.7409551374819102 0.7756183745583038 0.7409551374819102 0.7402826855123675 0.7366136034732272 0.7226148409893993 0.7337192474674384 0.715547703180212 0.7264833574529667 0.7049469964664311 0.7163531114327062 0.6925795053003534 0.7062228654124457 0.6855123674911661 0.7004341534008683 0.6855123674911661 0.6903039073806078 0.6802120141342756 0.6758321273516642 0.676678445229682
2 0.8277858176555717 0.676678445229682 0.8162083936324168 0.6802120141342756 0.804630969609262 0.6855123674911661 0.8002894356005789 0.6908127208480566 0.7930535455861071 0.6943462897526502 0.784370477568741 0.7049469964664311 0.7771345875542692 0.715547703180212 0.7742402315484804 0.7208480565371025 0.768451519536903 0.7367491166077739 0.7655571635311144 0.7614840989399293 0.7655571635311144 0.773851590106007 0.768451519536903 0.7826855123674912 0.768451519536903 0.7915194346289752 0.7785817655571635 0.8180212014134276 0.7814761215629522 0.823321554770318 0.7959479015918958 0.8392226148409894 0.808972503617945 0.8480565371024735 0.8176555716353111 0.8515901060070671 0.8248914616497829 0.8533568904593639 0.8509406657018813 0.8533568904593639 0.8581765557163531 0.8515901060070671 0.869753979739508 0.8462897526501767 0.8856729377713459 0.8321554770318021 0.8914616497829233 0.8250883392226148 0.8914616497829233 0.823321554770318 0.8986975397973951 0.8144876325088339 0.9044862518089725 0.803886925795053 0.9088277858176556 0.7915194346289752 0.9117221418234442 0.7685512367491166 0.9117221418234442 0.7526501766784452 0.9088277858176556 0.734982332155477 0.9073806078147613 0.7296819787985865 0.9015918958031838 0.715547703180212 0.8986975397973951 0.7102473498233216 0.8842257597684515 0.6925795053003534 0.8712011577424024 0.6837455830388692 0.8509406657018813 0.676678445229682
