2 0.12301013024602026 0.0706713780918728 0.09840810419681621 0.0989399293286219 0.0955137481910275 0.10600706713780919 0.08972503617945007 0.12897526501766785 0.08683068017366136 0.1501766784452297 0.08683068017366136 0.15901060070671377 0.08972503617945007 0.17314487632508835 0.09696092619392185 0.1872791519434629 0.09696092619392185 0.19081272084805653 0.09840810419681621 0.19434628975265017 0.10419681620839363 0.20318021201413428 0.11143270622286541 0.21201413427561838 0.11722141823444283 0.21731448763250882 0.12301013024602026 0.22084805653710246 0.1287988422575977 0.22791519434628976 0.1389290882778582 0.23498233215547704 0.14905933429811866 0.23851590106007067 0.16208393632416787 0.24028268551236748 0.170767004341534 0.24028268551236748 0.1808972503617945 0.23674911660777384 0.19247467438494936 0.23674911660777384 0.20694645441389292 0.2314487632508834 0.21562952243125905 0.22614840989399293 0.22431259044862517 0.21731448763250882 0.23154848046309695 0.2067137809187279 0.23589001447178004 0.196113074204947 0.24167872648335745 0.17314487632508835 0.24167872648335745 0.13604240282685512 0.23878437047756873 0.1254416961130742 0.23299565846599132 0.11130742049469965 0.2272069464544139 0.10070671378091872 0.2141823444283647 0.08657243816254417 0.20694645441389292 0.0812720848056537 0.2040520984081042 0.0812720848056537 0.18668596237337193 0.06890459363957598 0.1736613603473227 0.0636042402826855 0.16642547033285093 0.061837455830388695 0.14616497829232997 0.061837455830388695 0.13314037626628075 0.06537102473498234
2 0.3096960926193922 0.06007067137809187 0.30101302460202606 0.0636042402826855 0.29232995658465993 0.06890459363957598 0.2793053545586107 0.07950530035335689 0.2691751085383502 0.09187279151943463 0.26483357452966716 0.10070671378091872 0.2575976845151954 0.1254416961130742 0.25615050651230103 0.13427561837455831 0.25615050651230103 0.14487632508833923 0.2575976845151954 0.14664310954063603 0.2575976845151954 0.15901060070671377 0.2619392185238784 0.18021201413427562 0.26772793053545585 0.19257950530035337 0.28075253256150506 0.21024734982332155 0.29088277858176553 0.22084805653710246 0.2995658465991317 0.22791519434628976 0.32127351664254705 0.23674911660777384 0.3357452966714906 0.23674911660777384 0.33719247467438496 0.23851590106007067 0.35021707670043417 0.23851590106007067 0.36468885672937773 0.2332155477031802 0.3704775687409551 0.22968197879858657 0.37771345875542695 0.2226148409893993 0.3979739507959479 0.1978798586572438 0.4037626628075253 0.1872791519434629 0.4081041968162084 0.1696113074204947 0.40955137481910275 0.15724381625441697 0.40955137481910275 0.14487632508833923 0.4081041968162084 0.1431095406360424 0.4081041968162084 0.12897526501766785 0.40665701881331406 0.12190812720848057 0.40086830680173663 0.10600706713780919 0.38639652677279307 0.09010600706713781 0.38639652677279307 0.08833922261484099 0.3835021707670043 0.08480565371024736 0.3791606367583213 0.0812720848056537 0.3719247467438495 0.07773851590106007 0.3675832127351664 0.07243816254416961 0.36034732272069464 0.06713780918727916 0.34876989869753977 0.061837455830388695 0.341534008683068 0.06007067137809187 0.3314037626628075 0.06007067137809187 0.3299565846599132 0.05830388692579505 0.32127351664254705 0.05830388692579505 0.31982633863965265 0.06007067137809187
2 0.4732272069464544 0.061837455830388695 0.4573082489146165 0.0706713780918728 0.4515195369030391 0.07597173144876325 0.4384949348769899 0.09187279151943463 0.43270622286541244 0.10424028268551237 0.426917510853835 0.12014134275618374 0.42547033285094066 0.127208480565371 0.42547033285094066 0.14840989399293286 0.42981186685962375 0.17137809187279152 0.43270622286541244 0.18197879858657243 0.4356005788712012 0.18904593639575973 0.44138929088277856 0.1978798586572438 0.4573082489146165 0.21731448763250882 0.467438494934877 0.22614840989399293 0.4804630969609262 0.2332155477031802 0.49493487698986977 0.23674911660777384 0.5094066570188133 0.23674911660777384 0.5238784370477568 0.2332155477031802 0.5369030390738061 0.22791519434628976 0.5426917510853835 0.22438162544169613 0.5513748191027497 0.21731448763250882 0.5687409551374819 0.196113074204947 0.5716353111432706 0.19081272084805653 0.5788712011577424 0.16431095406360424 0.5788712011577424 0.1254416961130742 0.5774240231548481 0.12014134275618374 0.573082489146165 0.10954063604240283 0.5687409551374819 0.10247349823321555 0.5557163531114327 0.08657243816254417 0.5426917510853835 0.07773851590106007 0.5383502170767004 0.07243816254416961 0.5282199710564399 0.06537102473498234 0.5209840810419681 0.061837455830388695 0.5065123010130246 0.05830388692579505 0.48914616497829233 0.05830388692579505
2 0.6324167872648335 0.061837455830388695 0.6237337192474675 0.06713780918727916 0.61794500723589 0.07243816254416961 0.6049204052098408 0.09187279151943463 0.597684515195369 0.10954063604240283 0.5933429811866859 0.1254416961130742 0.5918958031837916 0.13604240282685512 0.5918958031837916 0.14664310954063603 0.5933429811866859 0.15901060070671377 0.5962373371924746 0.1696113074204947 0.6020260492040521 0.18374558303886926 0.61794500723589 0.21024734982332155 0.61794500723589 0.2137809187279152 0.622286541244573 0.21908127208480566 0.6251808972503617 0.22084805653710246 0.6309696092619392 0.2226148409893993 0.6353111432706223 0.2226148409893993 0.6439942112879884 0.22084805653710246 0.6729377713458755 0.2226148409893993 0.6845151953690304 0.22791519434628976 0.6931982633863966 0.22791519434628976 0.7018813314037626 0.2226148409893993 0.7062228654124457 0.21731448763250882 0.7105643994211288 0.21554770318021202 0.7206946454413893 0.2067137809187279 0.7264833574529667 0.19964664310954064 0.7293777134587555 0.19434628975265017 0.7366136034732272 0.17491166077738515 0.743849493487699 0.14664310954063603 0.743849493487699 0.1254416961130742 0.7409551374819102 0.1166077738515901 0.7366136034732272 0.11130742049469965 0.7351664254703328 0.10600706713780919 0.7250361794500724 0.09187279151943463 0.7091172214182344 0.07243816254416961 0.7004341534008683 0.06537102473498234 0.6888567293777135 0.05830388692579505 0.6801736613603473 0.054770318021201414 0.6685962373371924 0.053003533568904596 0.658465991316932 0.053003533568904596 0.6454413892908828 0.05653710247349823
2 0.8277858176555717 0.05123674911660778 0.8176555716353111 0.053003533568904596 0.8031837916063675 0.06007067137809187 0.7916063675832128 0.06713780918727916 0.7872648335745297 0.0706713780918728 0.7785817655571635 0.0812720848056537 0.7698986975397974 0.09540636042402827 0.7655571635311144 0.10777385159010601 0.7626628075253257 0.12367491166077739 0.7626628075253257 0.14840989399293286 0.7655571635311144 0.16607773851590105 0.768451519536903 0.17491166077738515 0.7771345875542692 0.19434628975265017 0.7800289435600579 0.19964664310954064 0.7858176555716353 0.2067137809187279 0.8017366136034733 0.22084805653710246 0.8191027496382055 0.22968197879858657 0.8248914616497829 0.2314487632508834 0.8437047756874095 0.2314487632508834 0.8610709117221418 0.22614840989399293 0.8769898697539797 0.21554770318021202 0.8827785817655571 0.20848056537102475 0.8900144717800289 0.19257950530035337 0.8972503617945007 0.18197879858657243 0.9044862518089725 0.16784452296819788 0.9088277858176556 0.14664310954063603 0.9088277858176556 0.127208480565371 0.9044862518089725 0.10777385159010601 0.9001447178002895 0.0989399293286219 0.8929088277858177 0.08657243816254417 0.8842257597684515 0.07597173144876325 0.8769898697539797 0.06890459363957598 0.8639652677279306 0.06007067137809187 0.8552821997105644 0.05653710247349823 0.8321273516642547 0.05123674911660778
2 0.14905933429811866 0.2667844522968198 0.1345875542691751 0.27208480565371024 0.12445730824891461 0.2773851590106007 0.12011577424023155 0.28091872791519434 0.1085383502170767 0.2950530035335689 0.09840810419681621 0.3127208480565371 0.09696092619392185 0.31802120141342755 0.09696092619392185 0.32332155477031804 0.09406657018813314 0.3286219081272085 0.09117221418234443 0.3462897526501767 0.09117221418234443 0.37279151943462896 0.09406657018813314 0.3869257950530035 0.10130246020260492 0.4028268551236749 0.11143270622286541 0.41519434628975266 0.12156295224312591 0.42226148409893993 0.12735166425470332 0.4293286219081272 0.1447178002894356 0.43992932862190814 0.15195369030390737 0.4416961130742049 0.1736613603473227 0.43992932862190814 0.18523878437047755 0.4363957597173145 0.18813314037626627 0.43286219081272087 0.19826338639652677 0.4275618374558304 0.20839363241678727 0.42579505300353354 0.21128798842257598 0.42402826855123676 0.2170767004341534 0.4169611307420495 0.22141823444283648 0.40636042402826855 0.23444283646888567 0.39045936395759717 0.23878437047756873 0.38162544169611307 0.24312590448625182 0.3657243816254417 0.24312590448625182 0.3586572438162544 0.24457308248914617 0.3568904593639576 0.24312590448625182 0.33568904593639576 0.2402315484804631 0.32332155477031804 0.23444283646888567 0.30742049469964666 0.2301013024602026 0.3003533568904594 0.22431259044862517 0.29328621908127206 0.21273516642547033 0.2826855123674912 0.1939218523878437 0.27208480565371024 0.18813314037626627 0.2703180212014134 0.170767004341534 0.2667844522968198
2 0.31693198263386396 0.26501766784452296 0.3096960926193922 0.2667844522968198 0.29667149059334297 0.27208480565371024 0.28798842257597684 0.2773851590106007 0.2778581765557164 0.28975265017667845 0.2691751085383502 0.303886925795053 0.26483357452966716 0.31448763250883394 0.2619392185238784 0.3250883392226148 0.2590448625180897 0.34452296819787986 0.2590448625180897 0.36925795053003535 0.2619392185238784 0.38869257950530034 0.2662807525325615 0.3992932862190813 0.28509406657018815 0.4204946996466431 0.29232995658465993 0.4275618374558304 0.3024602026049204 0.43462897526501765 0.32127351664254705 0.43992932862190814 0.3342981186685962 0.43992932862190814 0.3473227206946454 0.4363957597173145 0.35600578871201155 0.43109540636042404 0.36903039073806077 0.4204946996466431 0.38929088277858176 0.39399293286219084 0.3979739507959479 0.37985865724381623 0.40520984081041966 0.3586572438162544 0.40665701881331406 0.34275618374558303 0.40665701881331406 0.3286219081272085 0.40520984081041966 0.31802120141342755 0.402315484804631 0.31095406360424027 0.3979739507959479 0.303886925795053 0.3921852387843705 0.29858657243816256 0.3921852387843705 0.2968197879858657 0.38060781476121563 0.284452296819788 0.36903039073806077 0.2756183745583039 0.361794500723589 0.27208480565371024 0.35745296671490595 0.27208480565371024 0.34876989869753977 0.2667844522968198 0.3386396526772793 0.26501766784452296
2 0.47901591895803186 0.26148409893992935 0.45296671490593343 0.2756183745583039 0.44138929088277856 0.28975265017667845 0.4283646888567294 0.31095406360424027 0.42547033285094066 0.3197879858657244 0.4240231548480463 0.3286219081272085 0.4240231548480463 0.36395759717314485 0.426917510853835 0.3745583038869258 0.4341534008683068 0.39399293286219084 0.4370477568740955 0.3992932862190813 0.4544138929088278 0.42226148409893993 0.45875542691751087 0.42579505300353354 0.4703328509406657 0.43286219081272087 0.48480463096960924 0.4363957597173145 0.5065123010130246 0.4363957597173145 0.516642547033285 0.43286219081272087 0.5282199710564399 0.42579505300353354 0.5455861070911722 0.4045936395759717 0.5513748191027497 0.39045936395759717 0.5542691751085383 0.37985865724381623 0.5542691751085383 0.2915194346289753 0.552821997105644 0.2879858657243816 0.548480463096961 0.2826855123674912 0.548480463096961 0.28091872791519434 0.5455861070911722 0.2773851590106007 0.5354558610709117 0.2703180212014134 0.5224312590448625 0.26501766784452296 0.5108538350217077 0.26148409893992935
2 0.8465991316931982 0.25618374558303886 0.8379160636758322 0.25618374558303886 0.8364688856729378 0.2579505300353357 0.8263386396526773 0.2579505300353357 0.8060781476121563 0.26325088339222613 0.8002894356005789 0.2667844522968198 0.7959479015918958 0.2703180212014134 0.7771345875542692 0.29328621908127206 0.7713458755426917 0.30565371024734983 0.768451519536903 0.31802120141342755 0.7670043415340086 0.3286219081272085 0.7670043415340086 0.3621908127208481 0.7698986975397974 0.38162544169611307 0.7800289435600579 0.4010600706713781 0.7988422575976846 0.42226148409893993 0.808972503617945 0.4293286219081272 0.8176555716353111 0.43286219081272087 0.8263386396526773 0.43462897526501765 0.8437047756874095 0.43462897526501765 0.8552821997105644 0.43109540636042404 0.874095513748191 0.4204946996466431 0.8856729377713459 0.4081272084805654 0.8958031837916064 0.3957597173144876 0.9044862518089725 0.37279151943462896 0.9088277858176556 0.3551236749116608 0.9088277858176556 0.34275618374558303 0.91027496382055 0.3409893992932862 0.91027496382055 0.3303886925795053 0.9073806078147613 0.3127208480565371 0.9044862518089725 0.30212014134275617 0.9015918958031838 0.2950530035335689 0.8900144717800289 0.2791519434628975 0.8827785817655571 0.27208480565371024 0.8639652677279306 0.26148409893992935
2 0.1447178002894356 0.4752650176678445 0.14037626628075253 0.47703180212014135 0.1345875542691751 0.4823321554770318 0.1316931982633864 0.4823321554770318 0.12590448625180897 0.48586572438162545 0.1085383502170767 0.5 0.10419681620839363 0.5053003533568905 0.09696092619392185 0.5176678445229682 0.09261939218523878 0.5282685512367491 0.08972503617945007 0.5477031802120141 0.08972503617945007 0.5777385159010601 0.09261939218523878 0.598939929328622 0.09840810419681621 0.6095406360424028 0.11287988422575977 0.6289752650176679 0.13024602026049203 0.6431095406360424 0.1345875542691751 0.6431095406360424 0.1389290882778582 0.6466431095406361 0.1476121562952243 0.6484098939929329 0.17221418234442837 0.6484098939929329 0.18523878437047755 0.6448763250883393 0.20260492040520983 0.6342756183745583 0.2272069464544139 0.6095406360424028 0.22865412445730826 0.6060070671378092 0.22865412445730826 0.6024734982332155 0.23154848046309695 0.5971731448763251 0.23878437047756873 0.5636042402826855 0.23878437047756873 0.5424028268551236 0.23733719247467439 0.5265017667844523 0.23299565846599132 0.5159010600706714 0.22575976845151954 0.5053003533568905 0.2141823444283647 0.49469964664310956 0.2040520984081042 0.4876325088339223 0.18234442836468887 0.47703180212014135 0.17655571635311143 0.4752650176678445
2 0.3183791606367583 0.4734982332155477 0.3053545586107091 0.47703180212014135 0.2894356005788712 0.48586572438162545 0.27496382054992763 0.5 0.26772793053545585 0.508833922261484 0.26483357452966716 0.5141342756183745 0.2619392185238784 0.5229681978798587 0.2575976845151954 0.5441696113074205 0.2575976845151954 0.5724381625441696 0.2619392185238784 0.5971731448763251 0.2662807525325615 0.6095406360424028 0.28798842257597684 0.6360424028268551 0.29667149059334297 0.6413427561837456 0.3096960926193922 0.6466431095406361 0.3227206946454414 0.6501766784452296 0.3314037626628075 0.6501766784452296 0.341534008683068 0.6484098939929329 0.3545586107091172 0.6431095406360424 0.3661360347322721 0.6360424028268551 0.3704775687409551 0.6325088339222615 0.3748191027496382 0.627208480565371 0.3748191027496382 0.6254416961130742 0.38060781476121563 0.6183745583038869 0.3907380607814761 0.598939929328622 0.3950795947901592 0.588339222614841 0.3950795947901592 0.5848056537102474 0.402315484804631 0.5706713780918727 0.40665701881331406 0.549469964664311 0.40665701881331406 0.5353356890459364 0.40520984081041966 0.5265017667844523 0.40086830680173663 0.5141342756183745 0.3907380607814761 0.5017667844522968 0.37626628075253254 0.48939929328621906 0.3675832127351664 0.4840989399293286 0.36324167872648333 0.4823321554770318 0.3545586107091172 0.48056537102473496 0.35021707670043417 0.47703180212014135 0.3458755426917511 0.4752650176678445 0.33719247467438496 0.4734982332155477
2 0.48625180897250364 0.4717314487632509 0.4732272069464544 0.4752650176678445 0.4515195369030391 0.4911660777385159 0.44138929088277856 0.5035335689045937 0.43270622286541244 0.5229681978798587 0.42547033285094066 0.5441696113074205 0.42547033285094066 0.5706713780918727 0.4312590448625181 0.5918727915194346 0.4384949348769899 0.6113074204946997 0.45296671490593343 0.6307420494699647 0.45875542691751087 0.6360424028268551 0.4717800289435601 0.6431095406360424 0.48191027496382055 0.6466431095406361 0.5094066570188133 0.6466431095406361 0.5180897250361794 0.6431095406360424 0.5296671490593343 0.6360424028268551 0.5354558610709117 0.6289752650176679 0.5397973950795948 0.6254416961130742 0.5412445730824892 0.6254416961130742 0.548480463096961 0.6130742049469965 0.5586107091172214 0.6007067137809188 0.5615050651230101 0.5954063604240283 0.5658465991316932 0.5812720848056537 0.5716353111432706 0.5530035335689046 0.5716353111432706 0.5282685512367491 0.5672937771345875 0.5141342756183745 0.5629522431259045 0.5053003533568905 0.557163531114327 0.49823321554770317 0.5455861070911722 0.4876325088339223 0.5369030390738061 0.4823321554770318 0.5296671490593343 0.48056537102473496 0.5224312590448625 0.4752650176678445 0.5094066570188133 0.4717314487632509
2 0.6859623733719248 0.46466431095406363 0.6671490593342981 0.46466431095406363 0.6541244573082489 0.4717314487632509 0.6497829232995659 0.4734982332155477 0.6338639652677279 0.47703180212014135 0.6237337192474675 0.4823321554770318 0.6150506512301013 0.4929328621908127 0.5991316931982634 0.5282685512367491 0.597684515195369 0.5335689045936396 0.5962373371924746 0.5441696113074205 0.5962373371924746 0.5812720848056537 0.5991316931982634 0.5971731448763251 0.6107091172214182 0.6148409893992933 0.6208393632416788 0.627208480565371 0.6295224312590448 0.6342756183745583 0.6468885672937771 0.6413427561837456 0.6541244573082489 0.6431095406360424 0.678726483357453 0.6431095406360424 0.6888567293777135 0.6395759717314488 0.7018813314037626 0.6325088339222615 0.7062228654124457 0.627208480565371 0.7091172214182344 0.627208480565371 0.7134587554269175 0.6236749116607774 0.723589001447178 0.6113074204946997 0.7322720694645442 0.5971731448763251 0.7380607814761215 0.5848056537102474 0.7395079594790159 0.5795053003533569 0.7424023154848046 0.558303886925795 0.7424023154848046 0.5424028268551236 0.7395079594790159 0.5318021201413428 0.7293777134587555 0.5123674911660777 0.723589001447178 0.5053003533568905 0.7192474674384949 0.49646643109540634 0.7192474674384949 0.4929328621908127 0.7149059334298119 0.4876325088339223 0.7076700434153401 0.4840989399293286 0.703328509406657 0.48056537102473496 0.6975397973950795 0.4734982332155477
2 0.8234442836468886 0.4664310954063604 0.804630969609262 0.4734982332155477 0.7916063675832128 0.4840989399293286 0.7785817655571635 0.5 0.7756874095513748 0.5053003533568905 0.7698986975397974 0.519434628975265 0.7655571635311144 0.5335689045936396 0.76410998552822 0.5406360424028268 0.76410998552822 0.5636042402826855 0.7670043415340086 0.5795053003533569 0.7713458755426917 0.5918727915194346 0.7814761215629522 0.6130742049469965 0.788712011577424 0.6219081272084805 0.7988422575976846 0.6307420494699647 0.8075253256150506 0.6360424028268551 0.8162083936324168 0.6395759717314488 0.8321273516642547 0.6431095406360424 0.8465991316931982 0.6431095406360424 0.85383502170767 0.6413427561837456 0.874095513748191 0.6289752650176679 0.8798842257597684 0.6236749116607774 0.8900144717800289 0.6113074204946997 0.9001447178002895 0.5936395759717314 0.9044862518089725 0.5759717314487632 0.91027496382055 0.5459363957597173 0.91027496382055 0.5300353356890459 0.9044862518089725 0.5123674911660777 0.9015918958031838 0.5053003533568905 0.8972503617945007 0.49823321554770317 0.8885672937771346 0.4876325088339223 0.8755426917510853 0.4752650176678445 0.8625180897250362 0.46996466431095407 0.849493487698987 0.4664310954063604
2 0.15340086830680175 0.6802120141342756 0.1389290882778582 0.6855123674911661 0.12301013024602026 0.6943462897526502 0.11577424023154848 0.7031802120141343 0.10709117221418235 0.7102473498233216 0.10709117221418235 0.7120141342756183 0.09696092619392185 0.7279151943462897 0.09261939218523878 0.7402826855123675 0.09117221418234443 0.7508833922261484 0.09117221418234443 0.7826855123674912 0.09261939218523878 0.7932862190812721 0.09696092619392185 0.8074204946996466 0.09985528219971057 0.8127208480565371 0.11432706222865413 0.8321554770318021 0.11577424023154848 0.8321554770318021 0.12301013024602026 0.8409893992932862 0.12735166425470332 0.8445229681978799 0.13314037626628075 0.8480565371024735 0.1447178002894356 0.8515901060070671 0.17945007235890015 0.8515901060070671 0.1939218523878437 0.8462897526501767 0.19971056439942114 0.842756183745583 0.20694645441389292 0.8356890459363958 0.22286541244573083 0.8162544169611308 0.23733719247467439 0.7968197879858657 0.2402315484804631 0.7897526501766784 0.24312590448625182 0.7773851590106007 0.24457308248914617 0.7632508833922261 0.24457308248914617 0.7438162544169611 0.24312590448625182 0.734982332155477 0.23444283646888567 0.7137809187279152 0.2272069464544139 0.7049469964664311 0.21852387843704776 0.696113074204947 0.21128798842257598 0.6908127208480566 0.19826338639652677 0.6855123674911661 0.18668596237337193 0.6819787985865724 0.17510853835021709 0.6802120141342756
2 0.3068017366136035 0.6837455830388692 0.2894356005788712 0.6943462897526502 0.28509406657018815 0.6978798586572438 0.2793053545586107 0.7049469964664311 0.2778581765557164 0.7049469964664311 0.2735166425470333 0.7102473498233216 0.2691751085383502 0.7173144876325088 0.26049204052098407 0.7385159010600707 0.2575976845151954 0.7561837455830389 0.2575976845151954 0.7756183745583038 0.2590448625180897 0.7897526501766784 0.2633863965267728 0.8091872791519434 0.26772793053545585 0.8180212014134276 0.2778581765557164 0.8303886925795053 0.2937771345875543 0.8445229681978799 0.3024602026049204 0.8498233215547704 0.3140376266280753 0.8533568904593639 0.341534008683068 0.8533568904593639 0.35021707670043417 0.8515901060070671 0.36034732272069464 0.8462897526501767 0.37337192474674386 0.8356890459363958 0.38205499276411 0.8250883392226148 0.38639652677279307 0.8180212014134276 0.3950795947901592 0.7932862190812721 0.402315484804631 0.7791519434628975 0.40665701881331406 0.7597173144876325 0.40665701881331406 0.734982332155477 0.40520984081041966 0.7296819787985865 0.3994211287988423 0.715547703180212 0.3950795947901592 0.7102473498233216 0.37771345875542695 0.6943462897526502 0.36903039073806077 0.6890459363957597 0.361794500723589 0.6855123674911661 0.3429811866859624 0.6802120141342756 0.31693198263386396 0.6802120141342756
2 0.47756874095513746 0.6802120141342756 0.4645441389290883 0.6855123674911661 0.45296671490593343 0.6925795053003534 0.44862518089725034 0.696113074204947 0.42981186685962375 0.7173144876325088 0.42547033285094066 0.7279151943462897 0.42257597684515197 0.7455830388692579 0.4211287988422576 0.765017667844523 0.4211287988422576 0.773851590106007 0.42547033285094066 0.7968197879858657 0.42981186685962375 0.8074204946996466 0.4341534008683068 0.8127208480565371 0.4356005788712012 0.8180212014134276 0.4399421128798842 0.823321554770318 0.44138929088277856 0.8286219081272085 0.4442836468885673 0.8321554770318021 0.44573082489146165 0.8321554770318021 0.45007235890014474 0.8374558303886925 0.4630969609261939 0.842756183745583 0.46888567293777134 0.8480565371024735 0.4804630969609262 0.8515901060070671 0.5065123010130246 0.8515901060070671 0.5195369030390738 0.8480565371024735 0.5296671490593343 0.842756183745583 0.5369030390738061 0.8374558303886925 0.5412445730824892 0.8321554770318021 0.5426917510853835 0.8321554770318021 0.5455861070911722 0.8286219081272085 0.5470332850940666 0.823321554770318 0.5615050651230101 0.8021201413427562 0.5643994211287988 0.7950530035335689 0.5658465991316932 0.7879858657243817 0.5701881331403763 0.7809187279151943 0.573082489146165 0.7685512367491166 0.5745296671490593 0.7561837455830389 0.573082489146165 0.7385159010600707 0.5716353111432706 0.7314487632508834 0.5687409551374819 0.7226148409893993 0.5643994211287988 0.715547703180212 0.5586107091172214 0.7084805653710248 0.557163531114327 0.7084805653710248 0.5499276410998553 0.6996466431095406 0.5383502170767004 0.6908127208480566 0.5282199710564399 0.6855123674911661 0.5151953690303908 0.6802120141342756 0.507959479015919 0.6784452296819788 0.48625180897250364 0.6784452296819788
2 0.6526772793053546 0.6802120141342756 0.6468885672937771 0.6819787985865724 0.6295224312590448 0.6908127208480566 0.6237337192474675 0.6943462897526502 0.61794500723589 0.6996466431095406 0.6092619392185239 0.7102473498233216 0.5991316931982634 0.7296819787985865 0.5962373371924746 0.7420494699646644 0.5962373371924746 0.7826855123674912 0.597684515195369 0.7932862190812721 0.6005788712011577 0.803886925795053 0.6063675832127352 0.8180212014134276 0.6121562952243126 0.8268551236749117 0.6121562952243126 0.8286219081272085 0.613603473227207 0.8303886925795053 0.6150506512301013 0.8303886925795053 0.6193921852387844 0.833922261484099 0.6251808972503617 0.8409893992932862 0.6295224312590448 0.8445229681978799 0.6396526772793053 0.8498233215547704 0.6512301013024602 0.8533568904593639 0.678726483357453 0.8533568904593639 0.6888567293777135 0.8498233215547704 0.6989869753979739 0.842756183745583 0.703328509406657 0.8374558303886925 0.7076700434153401 0.8356890459363958 0.7134587554269175 0.8303886925795053 0.7178002894356006 0.8250883392226148 0.723589001447178 0.8144876325088339 0.7250361794500724 0.8091872791519434 0.7322720694645442 0.7985865724381626 0.7395079594790159 0.7791519434628975 0.7409551374819102 0.7720848056537103 0.7424023154848046 0.7579505300353356 0.7409551374819102 0.7420494699646644 0.7380607814761215 0.726148409893993 0.7337192474674384 0.7137809187279152 0.7250361794500724 0.7031802120141343 0.7192474674384949 0.6978798586572438 0.6960926193921853 0.6855123674911661 0.6859623733719248 0.6819787985865724 0.6772793053545586 0.6802120141342756
2 0.8219971056439942 0.676678445229682 0.808972503617945 0.6802120141342756 0.7901591895803184 0.6943462897526502 0.7771345875542692 0.7102473498233216 0.7742402315484804 0.715547703180212 0.768451519536903 0.7314487632508834 0.768451519536903 0.7402826855123675 0.7655571635311144 0.7491166077738516 0.76410998552822 0.765017667844523 0.76410998552822 0.7826855123674912 0.7655571635311144 0.7879858657243817 0.7727930535455861 0.8056537102473498 0.784370477568741 0.8286219081272085 0.7901591895803184 0.833922261484099 0.8017366136034733 0.842756183745583 0.808972503617945 0.8462897526501767 0.8205499276410999 0.8498233215547704 0.8465991316931982 0.8498233215547704 0.85383502170767 0.8480565371024735 0.8654124457308249 0.842756183745583 0.8712011577424024 0.8392226148409894 0.8769898697539797 0.833922261484099 0.8827785817655571 0.8268551236749117 0.8885672937771346 0.8180212014134276 0.8986975397973951 0.8003533568904594 0.9015918958031838 0.7915194346289752 0.9059334298118669 0.7720848056537103 0.9073806078147613 0.7597173144876325 0.9073806078147613 0.7332155477031802 0.9059334298118669 0.7279151943462897 0.9015918958031838 0.7226148409893993 0.8972503617945007 0.7120141342756183 0.8914616497829233 0.7014134275618374 0.8842257597684515 0.6925795053003534 0.8769898697539797 0.6855123674911661 0.869753979739508 0.6819787985865724 0.8639652677279306 0.6802120141342756 0.8567293777134588 0.6802120141342756 0.849493487698987 0.676678445229682
