1 0.16696588868940754 0.6919739696312365 0.1615798922800718 0.6941431670281996 0.15439856373429084 0.6984815618221258 0.1490125673249551 0.702819956616052 0.1400359066427289 0.7136659436008677 0.13285457809694792 0.7288503253796096 0.1310592459605027 0.735357917570499 0.12926391382405744 0.7462039045553145 0.12926391382405744 0.7613882863340564 0.13285457809694792 0.7809110629067245 0.13644524236983843 0.7917570498915402 0.14542190305206462 0.806941431670282 0.15080789946140036 0.8112798264642083 0.1687612208258528 0.8221258134490239 0.1741472172351885 0.824295010845987 0.19210053859964094 0.824295010845987 0.1992818671454219 0.8221258134490239 0.20825852782764812 0.8177874186550976 0.21364452423698385 0.8134490238611713 0.22800718132854578 0.7960954446854663 0.23159784560143626 0.789587852494577 0.236983842010772 0.7722342733188721 0.236983842010772 0.7527114967462039 0.23159784560143626 0.7310195227765727 0.22621184919210055 0.7180043383947939 0.2118491921005386 0.7006507592190889 0.20107719928186715 0.6941431670281996 0.19389587073608616 0.6919739696312365 0.18312387791741472 0.6898047722342733 0.17773788150807898 0.6898047722342733
1 0.17953321364452424 0.4945770065075922 0.16696588868940754 0.49891540130151846 0.16337522441651706 0.5010845986984815 0.1526032315978456 0.5097613882863341 0.1436265709156194 0.5249457700650759 0.1400359066427289 0.5401301518438177 0.13824057450628366 0.5531453362255966 0.13824057450628366 0.5661605206073753 0.1400359066427289 0.5813449023861171 0.1436265709156194 0.5943600867678959 0.14542190305206462 0.5986984815618221 0.1561938958707361 0.6117136659436009 0.16337522441651706 0.6182212581344902 0.17235188509874327 0.6225596529284165 0.1813285457809695 0.6247288503253796 0.1992818671454219 0.6247288503253796 0.20646319569120286 0.6225596529284165 0.21364452423698385 0.6182212581344902 0.22800718132854578 0.6008676789587852 0.23159784560143626 0.5943600867678959 0.236983842010772 0.5813449023861171 0.23877917414721722 0.5748373101952278 0.23877917414721722 0.5466377440347071 0.23518850987432674 0.5314533622559653 0.22980251346499103 0.5184381778741866 0.21903052064631956 0.5054229934924078 0.21364452423698385 0.5010845986984815 0.20646319569120286 0.4967462039045553 0.1992818671454219 0.4945770065075922
1 0.15080789946140036 0.3080260303687636 0.1436265709156194 0.3123644251626898 0.1400359066427289 0.31670281995661603 0.13285457809694792 0.3297180043383948 0.1310592459605027 0.33405639913232105 0.12926391382405744 0.3405639913232104 0.12746858168761221 0.3579175704989154 0.12926391382405744 0.3839479392624729 0.1310592459605027 0.39045553145336226 0.13644524236983843 0.403470715835141 0.1400359066427289 0.40997830802603036 0.14542190305206462 0.4164859002169197 0.1490125673249551 0.42516268980477223 0.1526032315978456 0.42950108459869846 0.1561938958707361 0.4316702819956616 0.16337522441651706 0.43383947939262474 0.18312387791741472 0.43383947939262474 0.18850987432675045 0.4316702819956616 0.19569120287253142 0.42733188720173537 0.20107719928186715 0.4229934924078091 0.20646319569120286 0.4164859002169197 0.2118491921005386 0.41431670281995664 0.21364452423698385 0.4121475054229935 0.22082585278276481 0.3947939262472885 0.2244165170556553 0.38177874186550975 0.2244165170556553 0.3557483731019523 0.21543985637342908 0.32537960954446854 0.21364452423698385 0.3210412147505423 0.20825852782764812 0.31453362255965295 0.20107719928186715 0.31019522776572667 0.19030520646319568 0.30585683297180044 0.15798922800718132 0.30585683297180044
1 0.16696588868940754 0.10845986984815618 0.15798922800718132 0.11279826464208242 0.15080789946140036 0.1193058568329718 0.1400359066427289 0.13449023861171366 0.1310592459605027 0.1561822125813449 0.1310592459605027 0.1648590021691974 0.13644524236983843 0.175704989154013 0.13824057450628366 0.1822125813449024 0.1400359066427289 0.19522776572668113 0.1436265709156194 0.2039045553145336 0.15080789946140036 0.21691973969631237 0.15978456014362658 0.227765726681128 0.17773788150807898 0.2386117136659436 0.19030520646319568 0.24295010845986983 0.19748653500897667 0.24295010845986983 0.20107719928186715 0.24078091106290672 0.2118491921005386 0.2299349240780911 0.23159784560143626 0.20607375271149675 0.236983842010772 0.19522776572668113 0.23518850987432674 0.14316702819956617 0.2333931777378815 0.13449023861171366 0.2244165170556553 0.12364425162689804 0.21723518850987433 0.11713665943600868 0.20825852782764812 0.11062906724511931
1 0.3303411131059246 0.2885032537960954 0.3249551166965889 0.29067245119305857 0.3123877917414722 0.30151843817787416 0.3105924596050269 0.3036876355748373 0.3087971274685817 0.3080260303687636 0.30700179533213645 0.31670281995661603 0.3052064631956912 0.3362255965292842 0.3052064631956912 0.39045553145336226 0.31956912028725315 0.4078091106290672 0.3267504488330341 0.4121475054229935 0.3357271095152603 0.41431670281995664 0.34470377019748655 0.41431670281995664 0.35368043087971274 0.4121475054229935 0.3590664272890485 0.40997830802603036 0.36624775583482944 0.40563991323210413 0.3752244165170557 0.39913232104121477 0.3859964093357271 0.38611713665943603 0.39138240574506283 0.37310195227765725 0.39138240574506283 0.3232104121475054 0.3859964093357271 0.3123644251626898 0.3734290843806104 0.29718004338394793 0.3590664272890485 0.29067245119305857 0.348294434470377 0.2885032537960954
1 0.35368043087971274 0.5032537960954447 0.3375224416517056 0.5075921908893709 0.3339317773788151 0.5097613882863341 0.3213644524236984 0.5206073752711496 0.3177737881508079 0.5292841648590022 0.3105924596050269 0.5379609544468547 0.3087971274685817 0.5422993492407809 0.3052064631956912 0.561822125813449 0.3052064631956912 0.579175704989154 0.3087971274685817 0.5986984815618221 0.3105924596050269 0.6030368763557483 0.31597845601436264 0.6117136659436009 0.3231597845601436 0.6203904555314533 0.32854578096947934 0.6247288503253796 0.3357271095152603 0.6290672451193059 0.34111310592459604 0.631236442516269 0.3500897666068223 0.6334056399132321 0.3590664272890485 0.6334056399132321 0.36804308797127466 0.631236442516269 0.38061041292639136 0.6268980477223427 0.3877917414721723 0.6225596529284165 0.39317773788150806 0.6160520607375272 0.400359066427289 0.6030368763557483 0.40394973070017953 0.5878524945770065 0.40394973070017953 0.5661605206073753 0.4021543985637343 0.5639913232104121 0.4021543985637343 0.5401301518438177 0.400359066427289 0.5314533622559653 0.39497307001795334 0.5206073752711496 0.38061041292639136 0.5097613882863341 0.36983842010771995 0.5054229934924078 0.3608617594254937 0.5032537960954447
1 0.6535008976660682 0.5054229934924078 0.6499102333931778 0.5075921908893709 0.6337522441651705 0.5227765726681128 0.6319569120287253 0.5292841648590022 0.6247755834829444 0.544468546637744 0.6229802513464991 0.5509761388286334 0.6211849192100538 0.5661605206073753 0.6211849192100538 0.5813449023861171 0.6229802513464991 0.5900216919739696 0.6283662477558348 0.5986984815618221 0.6463195691202872 0.6203904555314533 0.6535008976660682 0.6247288503253796 0.6642728904847397 0.6290672451193059 0.696588868940754 0.6290672451193059 0.7001795332136446 0.6268980477223427 0.7073608617594255 0.6182212581344902 0.7163375224416517 0.596529284164859 0.718132854578097 0.5900216919739696 0.7217235188509874 0.5726681127982647 0.7217235188509874 0.5488069414316703 0.718132854578097 0.5314533622559653 0.7127468581687613 0.5184381778741866 0.7019748653500898 0.5054229934924078 0.6947935368043088 0.5010845986984815 0.6894075403949731 0.49891540130151846 0.6786355475763016 0.49891540130151846 0.6768402154398564 0.5010845986984815 0.6642728904847397 0.5010845986984815 0.6588868940754039 0.5054229934924078
1 0.6570915619389587 0.6963123644251626 0.6463195691202872 0.702819956616052 0.6409335727109515 0.7071583514099783 0.6319569120287253 0.7180043383947939 0.6283662477558348 0.7245119305856833 0.6247755834829444 0.7331887201735358 0.6211849192100538 0.7483731019522777 0.6193895870736086 0.7700650759219089 0.6211849192100538 0.7830802603036876 0.6247755834829444 0.7917570498915402 0.6265709156193896 0.7917570498915402 0.6373429084380611 0.806941431670282 0.644524236983842 0.8134490238611713 0.651705565529623 0.8177874186550976 0.6624775583482945 0.8221258134490239 0.6876122082585279 0.8221258134490239 0.6947935368043088 0.8199566160520607 0.6983842010771992 0.8177874186550976 0.7109515260323159 0.8026030368763557 0.7163375224416517 0.7939262472885033 0.718132854578097 0.789587852494577 0.7235188509874326 0.7700650759219089 0.725314183123878 0.7613882863340564 0.725314183123878 0.7418655097613883 0.7235188509874326 0.735357917570499 0.7163375224416517 0.7180043383947939 0.7073608617594255 0.7071583514099783 0.696588868940754 0.6984815618221258 0.6929982046678635 0.6963123644251626 0.6876122082585279 0.6941431670281996 0.6624775583482945 0.6941431670281996
1 0.8366247755834829 0.6984815618221258 0.8258527827648114 0.702819956616052 0.8150807899461401 0.7093275488069414 0.800718132854578 0.7266811279826464 0.7971274685816876 0.7331887201735358 0.7935368043087971 0.7440347071583514 0.7935368043087971 0.7700650759219089 0.7971274685816876 0.7852494577006508 0.800718132854578 0.7939262472885033 0.8043087971274686 0.8004338394793926 0.8132854578096947 0.8112798264642083 0.822262118491921 0.8177874186550976 0.8312387791741472 0.8221258134490239 0.8384201077199281 0.824295010845987 0.8545780969479354 0.824295010845987 0.8599640933572711 0.8177874186550976 0.8635547576301615 0.8156182212581344 0.8779174147217235 0.8091106290672451 0.8833034111310593 0.8091106290672451 0.8868940754039497 0.806941431670282 0.8886894075403949 0.8047722342733189 0.8904847396768402 0.8004338394793926 0.8922800718132855 0.7809110629067245 0.895870736086176 0.7722342733188721 0.895870736086176 0.7418655097613883 0.8922800718132855 0.7310195227765727 0.8886894075403949 0.7223427331887202 0.8797127468581688 0.7114967462039046 0.874326750448833 0.7071583514099783 0.8653500897666068 0.702819956616052 0.8527827648114902 0.6984815618221258
1 0.8545780969479354 0.4967462039045553 0.8366247755834829 0.4967462039045553 0.8276481149012568 0.49891540130151846 0.822262118491921 0.5010845986984815 0.8096947935368043 0.5097613882863341 0.8061041292639138 0.5140997830802603 0.8061041292639138 0.5162689804772235 0.800718132854578 0.5227765726681128 0.7953321364452424 0.5357917570498916 0.7935368043087971 0.5422993492407809 0.7917414721723519 0.5553145336225597 0.7917414721723519 0.561822125813449 0.7935368043087971 0.5639913232104121 0.7935368043087971 0.5726681127982647 0.7953321364452424 0.579175704989154 0.800718132854578 0.5921908893709328 0.8043087971274686 0.5986984815618221 0.8186714542190305 0.6160520607375272 0.8240574506283662 0.6203904555314533 0.8402154398563735 0.6247288503253796 0.8527827648114902 0.6225596529284165 0.8581687612208259 0.6203904555314533 0.8653500897666068 0.6160520607375272 0.874326750448833 0.6073752711496746 0.8833034111310593 0.6030368763557483 0.8868940754039497 0.5986984815618221 0.895870736086176 0.5661605206073753 0.895870736086176 0.5466377440347071 0.8940754039497307 0.5379609544468547 0.8904847396768402 0.5249457700650759 0.8886894075403949 0.5206073752711496 0.8797127468581688 0.5097613882863341 0.8617594254937163 0.49891540130151846
1 0.8563734290843806 0.2885032537960954 0.8420107719928187 0.2885032537960954 0.8258527827648114 0.29067245119305857 0.8204667863554758 0.2928416485900217 0.8150807899461401 0.29718004338394793 0.8061041292639138 0.30585683297180044 0.7971274685816876 0.31670281995661603 0.7917414721723519 0.3362255965292842 0.7899461400359067 0.34490238611713664 0.7899461400359067 0.3557483731019523 0.7881508078994613 0.3579175704989154 0.7881508078994613 0.3665943600867679 0.7917414721723519 0.3774403470715835 0.800718132854578 0.3947939262472885 0.8150807899461401 0.4121475054229935 0.822262118491921 0.4164859002169197 0.8330341113105925 0.420824295010846 0.8509874326750448 0.420824295010846 0.8563734290843806 0.41865509761388287 0.8635547576301615 0.41431670281995664 0.8689407540394973 0.40997830802603036 0.8833034111310593 0.3926247288503254 0.8850987432675045 0.3882863340563991 0.8886894075403949 0.37310195227765725 0.8904847396768402 0.3579175704989154 0.8904847396768402 0.33405639913232105 0.8886894075403949 0.3232104121475054 0.8833034111310593 0.3123644251626898 0.881508078994614 0.3036876355748373 0.8779174147217235 0.2993492407809111 0.8725314183123878 0.2950108459869848 0.8689407540394973 0.2928416485900217
1 0.8240574506283662 0.07809110629067245 0.8078994614003591 0.09327548806941431 0.8061041292639138 0.09978308026030369 0.800718132854578 0.10629067245119306 0.7989228007181328 0.11062906724511931 0.7953321364452424 0.13665943600867678 0.7971274685816876 0.1475054229934924 0.7989228007181328 0.1540130151843818 0.8061041292639138 0.1735357917570499 0.8096947935368043 0.17787418655097614 0.8096947935368043 0.18004338394793926 0.8204667863554758 0.19088937093275488 0.8276481149012568 0.19522776572668113 0.8384201077199281 0.19956616052060738 0.8509874326750448 0.19956616052060738 0.8653500897666068 0.19739696312364424 0.8707360861759426 0.19305856832971802 0.8761220825852782 0.19305856832971802 0.8797127468581688 0.19088937093275488 0.8868940754039497 0.1822125813449024 0.8886894075403949 0.175704989154013 0.8922800718132855 0.16702819956616052 0.895870736086176 0.15184381778741865 0.8976660682226212 0.13882863340563992 0.8976660682226212 0.1279826464208243 0.895870736086176 0.11713665943600868 0.8922800718132855 0.10629067245119306 0.8886894075403949 0.09978308026030369 0.881508078994614 0.0911062906724512 0.8725314183123878 0.08459869848156182 0.8653500897666068 0.08026030368763558 0.8438061041292639 0.07592190889370933 0.8276481149012568 0.07592190889370933
1 0.37163375224416517 0.11062906724511931 0.36624775583482944 0.11062906724511931 0.3590664272890485 0.11279826464208242 0.35368043087971274 0.11713665943600868 0.34290843806104127 0.11713665943600868 0.32854578096947934 0.12147505422993492 0.3141831238779174 0.1279826464208243 0.3087971274685817 0.13449023861171366 0.3052064631956912 0.14316702819956617 0.3052064631956912 0.175704989154013 0.3087971274685817 0.1822125813449024 0.3087971274685817 0.18872017353579176 0.3105924596050269 0.19522776572668113 0.31597845601436264 0.2039045553145336 0.3267504488330341 0.21691973969631237 0.3375224416517056 0.22559652928416485 0.34290843806104127 0.227765726681128 0.35368043087971274 0.227765726681128 0.362657091561939 0.22559652928416485 0.3734290843806104 0.21908893709327548 0.38061041292639136 0.210412147505423 0.3877917414721723 0.2039045553145336 0.39317773788150806 0.2017353579175705 0.39676840215439857 0.19956616052060738 0.400359066427289 0.19088937093275488 0.40394973070017953 0.17136659436008678 0.40394973070017953 0.1540130151843818 0.4021543985637343 0.14967462039045554 0.3985637342908438 0.14533622559652928 0.39676840215439857 0.14099783080260303 0.39676840215439857 0.13665943600867678 0.3770197486535009 0.11496746203904555
