1 0.8258527827648114 0.08459869848156182 0.8168761220825853 0.0911062906724512 0.8078994614003591 0.1019522776572668 0.8025134649910234 0.11062906724511931 0.7971274685816876 0.1279826464208243 0.7935368043087971 0.14533622559652928 0.7935368043087971 0.16702819956616052 0.8025134649910234 0.1822125813449024 0.8150807899461401 0.19739696312364424 0.8258527827648114 0.2039045553145336 0.8384201077199281 0.20824295010845986 0.8617594254937163 0.20824295010845986 0.8689407540394973 0.20607375271149675 0.8850987432675045 0.19522776572668113 0.8868940754039497 0.19305856832971802 0.8886894075403949 0.18872017353579176 0.8886894075403949 0.1843817787418655 0.8904847396768402 0.18004338394793926 0.8976660682226212 0.16919739696312364 0.8994614003590664 0.1648590021691974 0.9030520646319569 0.14967462039045554 0.9030520646319569 0.13232104121475055 0.9012567324955116 0.12147505422993492 0.8994614003590664 0.11496746203904555 0.8922800718132855 0.1019522776572668 0.8833034111310593 0.0911062906724512 0.8725314183123878 0.08459869848156182 0.8671454219030521 0.0824295010845987 0.8509874326750448 0.08026030368763558 0.8420107719928187 0.08026030368763558
1 0.6876122082585279 0.10629067245119306 0.6840215439856373 0.10629067245119306 0.6732495511669659 0.11279826464208242 0.6606822262118492 0.12147505422993492 0.6535008976660682 0.1301518438177874 0.6481149012567325 0.13232104121475055 0.6409335727109515 0.13232104121475055 0.6355475763016158 0.13882863340563992 0.6337522441651705 0.13882863340563992 0.63016157989228 0.14316702819956617 0.6265709156193896 0.1540130151843818 0.6247755834829444 0.175704989154013 0.6247755834829444 0.18872017353579176 0.6265709156193896 0.19305856832971802 0.6373429084380611 0.2039045553145336 0.6409335727109515 0.20824295010845986 0.6409335727109515 0.210412147505423 0.6427289048473968 0.21258134490238612 0.644524236983842 0.21258134490238612 0.6535008976660682 0.22125813449023862 0.6588868940754039 0.22559652928416485 0.6732495511669659 0.23210412147505424 0.6929982046678635 0.23210412147505424 0.6983842010771992 0.2299349240780911 0.7073608617594255 0.22342733188720174 0.7109515260323159 0.21908893709327548 0.7109515260323159 0.21691973969631237 0.7163375224416517 0.210412147505423 0.7199281867145422 0.2017353579175705 0.7289048473967684 0.175704989154013 0.7324955116696589 0.16052060737527116 0.7324955116696589 0.14316702819956617 0.7289048473967684 0.13232104121475055 0.7199281867145422 0.1279826464208243 0.7109515260323159 0.1193058568329718 0.6983842010771992 0.11062906724511931
1 0.466786355475763 0.13449023861171366 0.466786355475763 0.13882863340563992 0.46858168761220825 0.1475054229934924 0.4649910233393178 0.15184381778741865 0.4649910233393178 0.15835140997830802 0.466786355475763 0.16052060737527116 0.466786355475763 0.1648590021691974 0.4631956912028725 0.17136659436008678 0.4631956912028725 0.19088937093275488 0.48114901256732495 0.210412147505423 0.49012567324955114 0.21908893709327548 0.4955116696588869 0.22125813449023862 0.5206463195691203 0.22125813449023862 0.5242369838420108 0.21908893709327548 0.5278276481149012 0.21475054229934923 0.5314183123877917 0.21475054229934923 0.5493716337522442 0.19739696312364424 0.5565529622980251 0.18655097613882862 0.5619389587073609 0.1843817787418655 0.5637342908438061 0.17787418655097614 0.5655296229802513 0.15835140997830802 0.5655296229802513 0.15184381778741865 0.5619389587073609 0.14316702819956617 0.5565529622980251 0.14099783080260303 0.5511669658886894 0.13449023861171366 0.547576301615799 0.13232104121475055 0.518850987432675 0.1279826464208243 0.5134649910233393 0.1279826464208243 0.5116696588868941 0.1301518438177874 0.5062836624775583 0.1301518438177874 0.5044883303411131 0.1279826464208243 0.49730700179533216 0.1279826464208243 0.4829443447037702 0.13232104121475055
1 0.3464991023339318 0.10845986984815618 0.3393177737881508 0.11062906724511931 0.33213644524236985 0.11496746203904555 0.3267504488330341 0.1193058568329718 0.31956912028725315 0.1279826464208243 0.3177737881508079 0.1279826464208243 0.3123877917414722 0.13449023861171366 0.3105924596050269 0.13882863340563992 0.3087971274685817 0.14533622559652928 0.30341113105924594 0.175704989154013 0.30341113105924594 0.19522776572668113 0.3052064631956912 0.2017353579175705 0.3123877917414722 0.21258134490238612 0.32854578096947934 0.227765726681128 0.33213644524236985 0.2299349240780911 0.3375224416517056 0.23210412147505424 0.3590664272890485 0.23210412147505424 0.36983842010771995 0.227765726681128 0.37881508078994613 0.21691973969631237 0.3859964093357271 0.210412147505423 0.39676840215439857 0.2039045553145336 0.39676840215439857 0.19956616052060738 0.3985637342908438 0.19739696312364424 0.400359066427289 0.1822125813449024 0.400359066427289 0.15835140997830802 0.3985637342908438 0.14533622559652928 0.39317773788150806 0.13232104121475055 0.38420107719928187 0.11496746203904555 0.38061041292639136 0.11496746203904555 0.37881508078994613 0.11279826464208242 0.3644524236983842 0.10845986984815618
1 0.1687612208258528 0.10412147505422993 0.15978456014362658 0.10845986984815618 0.1490125673249551 0.11713665943600868 0.13824057450628366 0.1301518438177874 0.13285457809694792 0.14316702819956617 0.12926391382405744 0.1540130151843818 0.12926391382405744 0.175704989154013 0.1310592459605027 0.1843817787418655 0.13824057450628366 0.19956616052060738 0.1490125673249551 0.21908893709327548 0.15439856373429084 0.22559652928416485 0.17773788150807898 0.2386117136659436 0.19748653500897667 0.2386117136659436 0.22082585278276481 0.21908893709327548 0.22980251346499103 0.2039045553145336 0.2333931777378815 0.19522776572668113 0.2333931777378815 0.1561822125813449 0.22980251346499103 0.13665943600867678 0.22800718132854578 0.13232104121475055 0.21723518850987433 0.1193058568329718 0.20107719928186715 0.10412147505422993 0.19569120287253142 0.1019522776572668 0.17953321364452424 0.1019522776572668
1 0.19389587073608616 0.30585683297180044 0.18491921005385997 0.3036876355748373 0.17773788150807898 0.3036876355748373 0.16337522441651706 0.30585683297180044 0.15798922800718132 0.3080260303687636 0.14721723518850988 0.31453362255965295 0.1400359066427289 0.3232104121475054 0.13644524236983843 0.3318872017353579 0.13285457809694792 0.34490238611713664 0.1310592459605027 0.3644251626898048 0.13285457809694792 0.39045553145336226 0.13644524236983843 0.39913232104121477 0.1400359066427289 0.40997830802603036 0.14721723518850988 0.4229934924078091 0.1526032315978456 0.42950108459869846 0.16337522441651706 0.43383947939262474 0.18312387791741472 0.43383947939262474 0.19389587073608616 0.42950108459869846 0.19748653500897667 0.42733188720173537 0.21364452423698385 0.41431670281995664 0.21723518850987433 0.40997830802603036 0.22082585278276481 0.403470715835141 0.22621184919210055 0.3882863340563991 0.22800718132854578 0.3796095444685466 0.22800718132854578 0.3579175704989154 0.22621184919210055 0.351409978308026 0.21723518850987433 0.3297180043383948 0.21364452423698385 0.3232104121475054 0.20825852782764812 0.31670281995661603 0.19748653500897667 0.3080260303687636
1 0.3267504488330341 0.29067245119305857 0.3231597845601436 0.2928416485900217 0.31597845601436264 0.2993492407809111 0.3087971274685817 0.3080260303687636 0.30700179533213645 0.3123644251626898 0.3052064631956912 0.3297180043383948 0.30341113105924594 0.3557483731019523 0.30341113105924594 0.38611713665943603 0.30700179533213645 0.3947939262472885 0.3141831238779174 0.403470715835141 0.31956912028725315 0.4078091106290672 0.3267504488330341 0.4121475054229935 0.33213644524236985 0.41431670281995664 0.348294434470377 0.41431670281995664 0.35727109515260325 0.4121475054229935 0.36983842010771995 0.403470715835141 0.37881508078994613 0.3947939262472885 0.38240574506283664 0.39045553145336226 0.3895870736086176 0.3774403470715835 0.39138240574506283 0.37310195227765725 0.39138240574506283 0.3297180043383948 0.3895870736086176 0.3210412147505423 0.38240574506283664 0.3080260303687636 0.3770197486535009 0.30151843817787416 0.37163375224416517 0.29718004338394793 0.3608617594254937 0.2928416485900217 0.35368043087971274 0.29067245119305857
1 0.33213644524236985 0.5075921908893709 0.31956912028725315 0.5184381778741866 0.3123877917414722 0.527114967462039 0.3052064631956912 0.544468546637744 0.30341113105924594 0.5509761388286334 0.3016157989228007 0.559652928416486 0.3016157989228007 0.5813449023861171 0.3052064631956912 0.596529284164859 0.3105924596050269 0.6095444685466378 0.3141831238779174 0.6160520607375272 0.3177737881508079 0.6203904555314533 0.3339317773788151 0.6290672451193059 0.3464991023339318 0.6334056399132321 0.362657091561939 0.6334056399132321 0.37163375224416517 0.631236442516269 0.3770197486535009 0.6290672451193059 0.3877917414721723 0.6225596529284165 0.39138240574506283 0.6182212581344902 0.39497307001795334 0.6117136659436009 0.3985637342908438 0.6030368763557483 0.3985637342908438 0.596529284164859 0.4021543985637343 0.5900216919739696 0.40394973070017953 0.5813449023861171 0.40394973070017953 0.5683297180043384 0.4021543985637343 0.5531453362255966 0.39676840215439857 0.5357917570498916 0.39317773788150806 0.527114967462039 0.3895870736086176 0.5206073752711496 0.38420107719928187 0.5140997830802603 0.3752244165170557 0.5075921908893709 0.3644524236983842 0.5032537960954447 0.34470377019748655 0.5032537960954447
1 0.16696588868940754 0.5010845986984815 0.15798922800718132 0.5075921908893709 0.14721723518850988 0.5206073752711496 0.1436265709156194 0.527114967462039 0.1400359066427289 0.5401301518438177 0.13824057450628366 0.5509761388286334 0.13824057450628366 0.579175704989154 0.14183123877917414 0.5943600867678959 0.1436265709156194 0.5986984815618221 0.15978456014362658 0.6182212581344902 0.16696588868940754 0.6225596529284165 0.1813285457809695 0.6268980477223427 0.1992818671454219 0.6268980477223427 0.20646319569120286 0.6247288503253796 0.21723518850987433 0.6182212581344902 0.22980251346499103 0.6030368763557483 0.23518850987432674 0.5921908893709328 0.23877917414721722 0.5813449023861171 0.24057450628366248 0.5704989154013015 0.24057450628366248 0.561822125813449 0.23877917414721722 0.544468546637744 0.236983842010772 0.5379609544468547 0.23159784560143626 0.5227765726681128 0.21723518850987433 0.5054229934924078 0.21005385996409337 0.5010845986984815 0.20466786355475763 0.49891540130151846 0.19569120287253142 0.4967462039045553 0.18312387791741472 0.4967462039045553
1 0.15798922800718132 0.6963123644251626 0.15439856373429084 0.6984815618221258 0.1490125673249551 0.7049891540130152 0.14721723518850988 0.7049891540130152 0.1436265709156194 0.7093275488069414 0.13644524236983843 0.720173535791757 0.1310592459605027 0.7331887201735358 0.12926391382405744 0.7396963123644251 0.12926391382405744 0.7700650759219089 0.13464991023339318 0.7874186550976139 0.13644524236983843 0.7917570498915402 0.1436265709156194 0.8026030368763557 0.1436265709156194 0.8047722342733189 0.14542190305206462 0.806941431670282 0.14721723518850988 0.806941431670282 0.15080789946140036 0.8112798264642083 0.1687612208258528 0.8221258134490239 0.1741472172351885 0.824295010845987 0.18491921005385997 0.8264642082429501 0.19748653500897667 0.824295010845987 0.20287253141831238 0.8221258134490239 0.21723518850987433 0.8112798264642083 0.22800718132854578 0.7982646420824295 0.23159784560143626 0.789587852494577 0.236983842010772 0.7700650759219089 0.236983842010772 0.7505422993492408 0.2333931777378815 0.7331887201735358 0.22800718132854578 0.720173535791757 0.21903052064631956 0.7071583514099783 0.21005385996409337 0.6984815618221258 0.20646319569120286 0.6963123644251626 0.19569120287253142 0.6919739696312365 0.18312387791741472 0.6898047722342733 0.17055655296229802 0.6919739696312365
