2 0.12301013024602026 0.0706713780918728 0.11287988422575977 0.08303886925795052 0.10709117221418235 0.08657243816254417 0.09840810419681621 0.0989399293286219 0.09117221418234443 0.1166077738515901 0.08827785817655572 0.12897526501766785 0.08827785817655572 0.15724381625441697 0.08972503617945007 0.16607773851590105 0.09261939218523878 0.1784452296819788 0.09985528219971057 0.19434628975265017 0.10419681620839363 0.20141342756183744 0.11577424023154848 0.21554770318021202 0.12156295224312591 0.22084805653710246 0.1316931982633864 0.22791519434628976 0.15050651230101303 0.23851590106007067 0.1678726483357453 0.2420494699646643 0.18813314037626627 0.24028268551236748 0.2040520984081042 0.23498233215547704 0.21273516642547033 0.22968197879858657 0.2301013024602026 0.20848056537102475 0.23733719247467439 0.19257950530035337 0.24457308248914617 0.1696113074204947 0.24457308248914617 0.13604240282685512 0.24167872648335745 0.1254416961130742 0.23444283646888567 0.10777385159010601 0.23154848046309695 0.10247349823321555 0.2170767004341534 0.08480565371024736 0.18668596237337193 0.06537102473498234 0.17510853835021709 0.061837455830388695 0.14616497829232997 0.061837455830388695 0.1316931982633864 0.06537102473498234
2 0.2995658465991317 0.061837455830388695 0.28364688856729375 0.07243816254416961 0.2691751085383502 0.09010600706713781 0.2575976845151954 0.12014134275618374 0.25615050651230103 0.127208480565371 0.25615050651230103 0.14664310954063603 0.26049204052098407 0.17137809187279152 0.2662807525325615 0.18904593639575973 0.2865412445730825 0.2137809187279152 0.29232995658465993 0.21908127208480566 0.30390738060781475 0.22791519434628976 0.3096960926193922 0.2314487632508834 0.3183791606367583 0.23498233215547704 0.3256150506512301 0.23674911660777384 0.3458755426917511 0.23674911660777384 0.3589001447178003 0.2332155477031802 0.3704775687409551 0.22791519434628976 0.3835021707670043 0.21731448763250882 0.3921852387843705 0.2067137809187279 0.3979739507959479 0.1978798586572438 0.40665701881331406 0.18021201413427562 0.40955137481910275 0.16431095406360424 0.41244573082489144 0.15901060070671377 0.41389290882778584 0.1519434628975265 0.41244573082489144 0.12897526501766785 0.41389290882778584 0.12014134275618374 0.40665701881331406 0.10777385159010601 0.3878437047756874 0.08480565371024736 0.3748191027496382 0.07420494699646643 0.3719247467438495 0.07420494699646643 0.36468885672937773 0.06713780918727916 0.361794500723589 0.06537102473498234 0.34876989869753977 0.06007067137809187 0.34008683068017365 0.06007067137809187 0.33285094066570187 0.05653710247349823 0.31982633863965265 0.05653710247349823 0.30390738060781475 0.06007067137809187
2 0.46599131693198265 0.0636042402826855 0.45296671490593343 0.07243816254416961 0.4399421128798842 0.08833922261484099 0.4341534008683068 0.0989399293286219 0.4283646888567294 0.11307420494699646 0.42547033285094066 0.12367491166077739 0.42547033285094066 0.1501766784452297 0.4312590448625181 0.18197879858657243 0.4341534008683068 0.18904593639575973 0.4442836468885673 0.20318021201413428 0.45296671490593343 0.21201413427561838 0.46599131693198265 0.2226148409893993 0.47756874095513746 0.22968197879858657 0.49493487698986977 0.23498233215547704 0.5151953690303908 0.23498233215547704 0.5238784370477568 0.2332155477031802 0.532561505065123 0.22968197879858657 0.5542691751085383 0.21554770318021202 0.5643994211287988 0.20318021201413428 0.5701881331403763 0.19434628975265017 0.5788712011577424 0.17667844522968199 0.5803183791606368 0.16607773851590105 0.5803183791606368 0.13427561837455831 0.5788712011577424 0.12367491166077739 0.5745296671490593 0.10954063604240283 0.552821997105644 0.08303886925795052 0.5311143270622286 0.06537102473498234 0.5238784370477568 0.061837455830388695 0.5180897250361794 0.06007067137809187 0.5108538350217077 0.06007067137809187 0.5050651230101303 0.05653710247349823 0.48914616497829233 0.05653710247349823 0.47467438494934877 0.06007067137809187
2 0.6483357452966715 0.053003533568904596 0.6353111432706223 0.05830388692579505 0.6237337192474675 0.06537102473498234 0.613603473227207 0.07597173144876325 0.6020260492040521 0.09363957597173145 0.597684515195369 0.10424028268551237 0.5933429811866859 0.12014134275618374 0.5933429811866859 0.14664310954063603 0.5962373371924746 0.16607773851590105 0.6063675832127352 0.18904593639575973 0.6121562952243126 0.19964664310954064 0.6193921852387844 0.20848056537102475 0.6338639652677279 0.2226148409893993 0.6367583212735166 0.2226148409893993 0.6396526772793053 0.22614840989399293 0.6425470332850941 0.22791519434628976 0.6555716353111433 0.2332155477031802 0.683068017366136 0.2332155477031802 0.6903039073806078 0.2314487632508834 0.6946454413892909 0.22968197879858657 0.7120115774240231 0.21908127208480566 0.723589001447178 0.20848056537102475 0.7337192474674384 0.196113074204947 0.7395079594790159 0.18197879858657243 0.743849493487699 0.16784452296819788 0.7467438494934877 0.1501766784452297 0.748191027496382 0.13074204946996468 0.7452966714905933 0.12014134275618374 0.7424023154848046 0.11307420494699646 0.7322720694645442 0.09540636042402827 0.7250361794500724 0.08480565371024736 0.7076700434153401 0.06713780918727916 0.6931982633863966 0.05830388692579505 0.6758321273516642 0.05123674911660778 0.6570188133140377 0.05123674911660778
2 0.8191027496382055 0.05123674911660778 0.804630969609262 0.05653710247349823 0.7988422575976846 0.061837455830388695 0.7959479015918958 0.061837455830388695 0.7930535455861071 0.0636042402826855 0.7872648335745297 0.06890459363957598 0.7785817655571635 0.07950530035335689 0.7713458755426917 0.09187279151943463 0.7655571635311144 0.10777385159010601 0.7626628075253257 0.127208480565371 0.7626628075253257 0.1519434628975265 0.76410998552822 0.1607773851590106 0.7713458755426917 0.1784452296819788 0.7800289435600579 0.19434628975265017 0.7930535455861071 0.21024734982332155 0.8075253256150506 0.2226148409893993 0.8191027496382055 0.22791519434628976 0.8263386396526773 0.22968197879858657 0.8523878437047757 0.22968197879858657 0.8639652677279306 0.22614840989399293 0.874095513748191 0.22084805653710246 0.8871201157742402 0.21024734982332155 0.8986975397973951 0.196113074204947 0.9044862518089725 0.1855123674911661 0.9088277858176556 0.17491166077738515 0.9117221418234442 0.16431095406360424 0.9131693198263386 0.15371024734982333 0.9131693198263386 0.1254416961130742 0.9059334298118669 0.10247349823321555 0.8986975397973951 0.08833922261484099 0.8842257597684515 0.0706713780918728 0.874095513748191 0.061837455830388695 0.8654124457308249 0.05653710247349823 0.8422575976845152 0.04946996466431095 0.829232995658466 0.04946996466431095
2 0.12445730824891461 0.2756183745583039 0.12011577424023155 0.28091872791519434 0.11577424023154848 0.2826855123674912 0.11287988422575977 0.2862190812720848 0.11287988422575977 0.2879858657243816 0.1085383502170767 0.2915194346289753 0.10274963820549927 0.3003533568904594 0.09696092619392185 0.3127208480565371 0.09696092619392185 0.3197879858657244 0.09406657018813314 0.3250883392226148 0.09261939218523878 0.3303886925795053 0.09117221418234443 0.34452296819787986 0.09117221418234443 0.3657243816254417 0.09261939218523878 0.3763250883392226 0.0955137481910275 0.3869257950530035 0.10564399421128799 0.4081272084805654 0.11287988422575977 0.4169611307420495 0.1287988422575977 0.4293286219081272 0.15340086830680175 0.43992932862190814 0.16063675832127353 0.4416961130742049 0.18813314037626627 0.4416961130742049 0.19681620839363242 0.43992932862190814 0.20839363241678727 0.43462897526501765 0.2141823444283647 0.43109540636042404 0.22286541244573083 0.42402826855123676 0.23154848046309695 0.4134275618374558 0.2402315484804631 0.3992932862190813 0.2460202604920405 0.3833922261484099 0.24891461649782923 0.3710247349823322 0.24891461649782923 0.3392226148409894 0.2460202604920405 0.3286219081272085 0.2402315484804631 0.31448763250883394 0.23299565846599132 0.3003533568904594 0.22431259044862517 0.28975265017667845 0.2141823444283647 0.28091872791519434 0.20839363241678727 0.2773851590106007 0.2040520984081042 0.2756183745583039 0.19971056439942114 0.2756183745583039 0.19536903039073805 0.27208480565371024 0.191027496382055 0.2703180212014134 0.1837916063675832 0.2703180212014134 0.17945007235890015 0.2667844522968198 0.17221418234442837 0.26501766784452296 0.14905933429811866 0.26501766784452296 0.14327062228654125 0.2667844522968198 0.1389290882778582 0.2703180212014134 0.1345875542691751 0.2703180212014134
2 0.2894356005788712 0.27385159010600707 0.2691751085383502 0.29858657243816256 0.2619392185238784 0.3127208480565371 0.2575976845151954 0.3303886925795053 0.25615050651230103 0.3392226148409894 0.25615050651230103 0.35159010600706714 0.2575976845151954 0.36925795053003535 0.26483357452966716 0.39399293286219084 0.2691751085383502 0.4010600706713781 0.28798842257597684 0.42402826855123676 0.2937771345875543 0.4293286219081272 0.3053545586107091 0.4363957597173145 0.32416787264833574 0.44346289752650175 0.34442836468885674 0.44346289752650175 0.3545586107091172 0.4416961130742049 0.3661360347322721 0.4381625441696113 0.38060781476121563 0.43109540636042404 0.3849493487698987 0.42579505300353354 0.38639652677279307 0.42579505300353354 0.38929088277858176 0.42226148409893993 0.38929088277858176 0.4204946996466431 0.3921852387843705 0.4169611307420495 0.39363241678726485 0.4169611307420495 0.39652677279305354 0.4134275618374558 0.39652677279305354 0.411660777385159 0.40086830680173663 0.40636042402826855 0.40520984081041966 0.39752650176678445 0.40955137481910275 0.37985865724381623 0.4109985528219971 0.3674911660777385 0.4109985528219971 0.3374558303886926 0.4081041968162084 0.32332155477031804 0.40086830680173663 0.30742049469964666 0.3921852387843705 0.2950530035335689 0.38205499276411 0.284452296819788 0.36034732272069464 0.2703180212014134 0.35600578871201155 0.2703180212014134 0.3516642547033285 0.2667844522968198 0.3473227206946454 0.26501766784452296 0.34008683068017365 0.26325088339222613 0.3154848046309696 0.26325088339222613 0.3053545586107091 0.2667844522968198 0.30101302460202606 0.2703180212014134 0.29667149059334297 0.2703180212014134
2 0.8306801736613604 0.2579505300353357 0.8147612156295224 0.26148409893992935 0.804630969609262 0.2667844522968198 0.7872648335745297 0.28091872791519434 0.7785817655571635 0.2915194346289753 0.7727930535455861 0.30212014134275617 0.768451519536903 0.31448763250883394 0.7655571635311144 0.32685512367491165 0.76410998552822 0.3392226148409894 0.76410998552822 0.35159010600706714 0.7655571635311144 0.3657243816254417 0.7698986975397974 0.37985865724381623 0.7800289435600579 0.4010600706713781 0.7901591895803184 0.4134275618374558 0.8017366136034733 0.42402826855123676 0.8133140376266281 0.43109540636042404 0.8277858176555717 0.4363957597173145 0.8350217076700435 0.4381625441696113 0.8422575976845152 0.4381625441696113 0.8437047756874095 0.4363957597173145 0.8523878437047757 0.4363957597173145 0.874095513748191 0.4275618374558304 0.8871201157742402 0.41519434628975266 0.894356005788712 0.40636042402826855 0.8958031837916064 0.40636042402826855 0.9015918958031838 0.3992932862190813 0.9059334298118669 0.38869257950530034 0.9117221418234442 0.36395759717314485 0.9131693198263386 0.35335689045936397 0.9131693198263386 0.32685512367491165 0.9117221418234442 0.31802120141342755 0.9044862518089725 0.29858657243816256 0.8900144717800289 0.2791519434628975 0.8885672937771346 0.2791519434628975 0.8842257597684515 0.27385159010600707 0.8668596237337193 0.26325088339222613 0.85383502170767 0.2597173144876325 0.8408104196816208 0.2597173144876325
2 0.13024602026049203 0.48056537102473496 0.12156295224312591 0.48586572438162545 0.1085383502170767 0.49823321554770317 0.09985528219971057 0.508833922261484 0.09696092619392185 0.5141342756183745 0.09696092619392185 0.5176678445229682 0.09406657018813314 0.5212014134275619 0.08972503617945007 0.5371024734982333 0.08827785817655572 0.5512367491166078 0.08827785817655572 0.5724381625441696 0.09117221418234443 0.5901060070671378 0.09406657018813314 0.6007067137809188 0.09840810419681621 0.6095406360424028 0.10709117221418235 0.6219081272084805 0.11866859623733719 0.6325088339222615 0.13314037626628075 0.6413427561837456 0.15195369030390737 0.6484098939929329 0.16208393632416787 0.6501766784452296 0.17800289435600578 0.6501766784452296 0.19247467438494936 0.6466431095406361 0.21562952243125905 0.6342756183745583 0.22286541244573083 0.627208480565371 0.23154848046309695 0.6148409893992933 0.2402315484804631 0.5971731448763251 0.24167872648335745 0.5918727915194346 0.24457308248914617 0.5724381625441696 0.24457308248914617 0.5618374558303887 0.24312590448625182 0.5406360424028268 0.24167872648335745 0.5335689045936396 0.23589001447178004 0.5176678445229682 0.23154848046309695 0.5106007067137809 0.22286541244573083 0.5 0.21562952243125905 0.4929328621908127 0.1939218523878437 0.48056537102473496 0.1837916063675832 0.4787985865724382 0.17945007235890015 0.4752650176678445 0.16931982633863965 0.4734982332155477 0.15629522431259044 0.4734982332155477 0.1447178002894356 0.4752650176678445
2 0.3140376266280753 0.4734982332155477 0.3096960926193922 0.4752650176678445 0.3024602026049204 0.48056537102473496 0.2952243125904486 0.4823321554770318 0.28509406657018815 0.48939929328621906 0.2778581765557164 0.49823321554770317 0.276410998552822 0.49823321554770317 0.2706222865412446 0.5053003533568905 0.26483357452966716 0.5159010600706714 0.26049204052098407 0.5265017667844523 0.2575976845151954 0.5388692579505301 0.2575976845151954 0.5777385159010601 0.2590448625180897 0.5848056537102474 0.26483357452966716 0.6042402826855123 0.2691751085383502 0.6130742049469965 0.27496382054992763 0.6201413427561837 0.27496382054992763 0.6219081272084805 0.2793053545586107 0.627208480565371 0.30101302460202606 0.6431095406360424 0.3096960926193922 0.6466431095406361 0.31693198263386396 0.6484098939929329 0.34876989869753977 0.6484098939929329 0.3545586107091172 0.6466431095406361 0.3719247467438495 0.6378091872791519 0.37626628075253254 0.6325088339222615 0.38060781476121563 0.6307420494699647 0.3921852387843705 0.6183745583038869 0.4037626628075253 0.598939929328622 0.40955137481910275 0.5848056537102474 0.41244573082489144 0.5724381625441696 0.41244573082489144 0.5512367491166078 0.40955137481910275 0.5353356890459364 0.4081041968162084 0.5300353356890459 0.3994211287988423 0.5106007067137809 0.3907380607814761 0.5 0.3849493487698987 0.49469964664310956 0.3661360347322721 0.4823321554770318 0.34442836468885674 0.4734982332155477 0.3357452966714906 0.4717314487632509 0.3256150506512301 0.4717314487632509
2 0.47467438494934877 0.4734982332155477 0.4573082489146165 0.4840989399293286 0.4515195369030391 0.48939929328621906 0.4356005788712012 0.508833922261484 0.42981186685962375 0.5212014134275619 0.42547033285094066 0.5388692579505301 0.4240231548480463 0.5530035335689046 0.4240231548480463 0.5653710247349824 0.42547033285094066 0.5759717314487632 0.4312590448625181 0.5971731448763251 0.4370477568740955 0.6095406360424028 0.4544138929088278 0.6307420494699647 0.4645441389290883 0.6378091872791519 0.4761215629522431 0.6431095406360424 0.492040520984081 0.6484098939929329 0.5137481910274964 0.6484098939929329 0.5253256150506512 0.6448763250883393 0.5311143270622286 0.6413427561837456 0.5455861070911722 0.6289752650176679 0.5615050651230101 0.6113074204946997 0.5701881331403763 0.5954063604240283 0.5759768451519537 0.5812720848056537 0.5774240231548481 0.568904593639576 0.5774240231548481 0.549469964664311 0.5759768451519537 0.5371024734982333 0.573082489146165 0.5265017667844523 0.5701881331403763 0.519434628975265 0.5586107091172214 0.5 0.5542691751085383 0.49469964664310956 0.5412445730824892 0.4840989399293286 0.5354558610709117 0.48056537102473496 0.5209840810419681 0.4734982332155477 0.5151953690303908 0.4717314487632509 0.5021707670043415 0.46996466431095407 0.4905933429811867 0.46996466431095407
2 0.6353111432706223 0.4752650176678445 0.622286541244573 0.4840989399293286 0.6164978292329957 0.48939929328621906 0.6049204052098408 0.5035335689045937 0.6005788712011577 0.5106007067137809 0.5933429811866859 0.5282685512367491 0.5918958031837916 0.549469964664311 0.5933429811866859 0.5759717314487632 0.5991316931982634 0.5971731448763251 0.613603473227207 0.6201413427561837 0.6208393632416788 0.627208480565371 0.6295224312590448 0.6342756183745583 0.6353111432706223 0.6378091872791519 0.6497829232995659 0.6431095406360424 0.6613603473227206 0.6448763250883393 0.6772793053545586 0.6448763250883393 0.6859623733719248 0.6431095406360424 0.6989869753979739 0.6378091872791519 0.7134587554269175 0.627208480565371 0.7264833574529667 0.6113074204946997 0.7337192474674384 0.6007067137809188 0.7395079594790159 0.5865724381625441 0.743849493487699 0.5706713780918727 0.7452966714905933 0.5618374558303887 0.7452966714905933 0.5406360424028268 0.7409551374819102 0.519434628975265 0.7380607814761215 0.5123674911660777 0.7337192474674384 0.5053003533568905 0.7250361794500724 0.49469964664310956 0.7149059334298119 0.4840989399293286 0.6989869753979739 0.4752650176678445 0.6816208393632417 0.46996466431095407 0.6526772793053546 0.46996466431095407
2 0.8219971056439942 0.4664310954063604 0.804630969609262 0.4734982332155477 0.7945007235890015 0.48056537102473496 0.788712011577424 0.48586572438162545 0.7771345875542692 0.5017667844522968 0.7698986975397974 0.5159010600706714 0.76410998552822 0.5371024734982333 0.76410998552822 0.568904593639576 0.7670043415340086 0.5812720848056537 0.7756874095513748 0.6007067137809188 0.7800289435600579 0.607773851590106 0.7973950795947902 0.6289752650176679 0.808972503617945 0.6360424028268551 0.8234442836468886 0.6413427561837456 0.8523878437047757 0.6413427561837456 0.8668596237337193 0.6360424028268551 0.8726483357452967 0.6325088339222615 0.8784370477568741 0.627208480565371 0.8958031837916064 0.6060070671378092 0.9030390738060782 0.5936395759717314 0.9088277858176556 0.5742049469964664 0.9131693198263386 0.5512367491166078 0.9131693198263386 0.5424028268551236 0.9117221418234442 0.5247349823321554 0.9088277858176556 0.5123674911660777 0.9059334298118669 0.5053003533568905 0.8986975397973951 0.49469964664310956 0.8914616497829233 0.48586572438162545 0.8755426917510853 0.4734982332155477 0.8596237337192475 0.4664310954063604
2 0.14616497829232997 0.6802120141342756 0.1345875542691751 0.6855123674911661 0.11866859623733719 0.696113074204947 0.11287988422575977 0.7014134275618374 0.10274963820549927 0.7137809187279152 0.09696092619392185 0.7243816254416962 0.09261939218523878 0.7367491166077739 0.08972503617945007 0.7561837455830389 0.08972503617945007 0.7791519434628975 0.09261939218523878 0.7932862190812721 0.09985528219971057 0.8109540636042403 0.10564399421128799 0.8215547703180212 0.12445730824891461 0.8409893992932862 0.13603473227206947 0.8480565371024735 0.15050651230101303 0.8515901060070671 0.17800289435600578 0.8515901060070671 0.19247467438494936 0.8480565371024735 0.2011577424023155 0.842756183745583 0.21273516642547033 0.8321554770318021 0.21562952243125905 0.8321554770318021 0.22286541244573083 0.8268551236749117 0.23154848046309695 0.8162544169611308 0.2402315484804631 0.8003533568904594 0.2460202604920405 0.7756183745583038 0.2460202604920405 0.7438162544169611 0.24457308248914617 0.734982332155477 0.2402315484804631 0.7226148409893993 0.22865412445730826 0.7031802120141343 0.21852387843704776 0.6943462897526502 0.2011577424023155 0.6837455830388692 0.19681620839363242 0.6819787985865724 0.1808972503617945 0.6784452296819788 0.1548480463096961 0.6784452296819788
2 0.32706222865412443 0.6784452296819788 0.3140376266280753 0.6802120141342756 0.30390738060781475 0.6837455830388692 0.29232995658465993 0.6908127208480566 0.28364688856729375 0.6978798586572438 0.2778581765557164 0.7049469964664311 0.276410998552822 0.7049469964664311 0.27206946454413894 0.7102473498233216 0.26772793053545585 0.7173144876325088 0.2619392185238784 0.7314487632508834 0.26049204052098407 0.7367491166077739 0.2575976845151954 0.7544169611307421 0.2575976845151954 0.7791519434628975 0.26049204052098407 0.7950530035335689 0.2633863965267728 0.8056537102473498 0.2706222865412446 0.8215547703180212 0.28075253256150506 0.833922261484099 0.29088277858176553 0.842756183745583 0.2995658465991317 0.8480565371024735 0.30824891461649784 0.8515901060070671 0.3154848046309696 0.8533568904593639 0.33285094066570187 0.8551236749116607 0.3473227206946454 0.8533568904593639 0.35745296671490595 0.8498233215547704 0.37337192474674386 0.8392226148409894 0.3835021707670043 0.8303886925795053 0.3878437047756874 0.8250883392226148 0.3907380607814761 0.8162544169611308 0.39363241678726485 0.8109540636042403 0.40520984081041966 0.7968197879858657 0.4109985528219971 0.7809187279151943 0.41244573082489144 0.7703180212014135 0.41244573082489144 0.7561837455830389 0.40955137481910275 0.7367491166077739 0.40520984081041966 0.7226148409893993 0.402315484804631 0.715547703180212 0.3979739507959479 0.7102473498233216 0.3979739507959479 0.7084805653710248 0.3950795947901592 0.7049469964664311 0.37771345875542695 0.6925795053003534 0.3704775687409551 0.6908127208480566 0.36324167872648333 0.6855123674911661 0.34876989869753977 0.6802120141342756
2 0.4905933429811867 0.6749116607773852 0.48191027496382055 0.676678445229682 0.467438494934877 0.6819787985865724 0.4515195369030391 0.6925795053003534 0.44138929088277856 0.7031802120141343 0.43270622286541244 0.715547703180212 0.42547033285094066 0.7314487632508834 0.42257597684515197 0.7491166077738516 0.4211287988422576 0.7632508833922261 0.4211287988422576 0.7720848056537103 0.4283646888567294 0.803886925795053 0.4370477568740955 0.8197879858657244 0.44862518089725034 0.833922261484099 0.46599131693198265 0.8462897526501767 0.4761215629522431 0.8498233215547704 0.4833574529667149 0.8515901060070671 0.507959479015919 0.8515901060070671 0.5224312590448625 0.8462897526501767 0.5383502170767004 0.8374558303886925 0.5455861070911722 0.8321554770318021 0.5542691751085383 0.8197879858657244 0.5557163531114327 0.8144876325088339 0.5615050651230101 0.8074204946996466 0.5701881331403763 0.7879858657243817 0.5701881331403763 0.7826855123674912 0.573082489146165 0.7773851590106007 0.5759768451519537 0.765017667844523 0.5759768451519537 0.7508833922261484 0.5716353111432706 0.7314487632508834 0.5643994211287988 0.7137809187279152 0.5615050651230101 0.7084805653710248 0.5557163531114327 0.7014134275618374 0.5455861070911722 0.6925795053003534 0.5311143270622286 0.6837455830388692 0.5180897250361794 0.6784452296819788 0.5021707670043415 0.6749116607773852
2 0.6512301013024602 0.6802120141342756 0.6410998552821997 0.6837455830388692 0.6237337192474675 0.6943462897526502 0.6193921852387844 0.6978798586572438 0.6078147612156295 0.7120141342756183 0.6020260492040521 0.7226148409893993 0.5962373371924746 0.7367491166077739 0.5933429811866859 0.7526501766784452 0.5933429811866859 0.7791519434628975 0.5962373371924746 0.7968197879858657 0.6005788712011577 0.8074204946996466 0.6078147612156295 0.8197879858657244 0.6193921852387844 0.833922261484099 0.6266280752532561 0.8409893992932862 0.638205499276411 0.8480565371024735 0.6483357452966715 0.8515901060070671 0.658465991316932 0.8533568904593639 0.6772793053545586 0.8533568904593639 0.6931982633863966 0.8498233215547704 0.7004341534008683 0.8462897526501767 0.7062228654124457 0.8392226148409894 0.7120115774240231 0.8374558303886925 0.7178002894356006 0.8321554770318021 0.7293777134587555 0.8180212014134276 0.7308248914616498 0.8127208480565371 0.7351664254703328 0.8074204946996466 0.7395079594790159 0.7985865724381626 0.743849493487699 0.7826855123674912 0.7452966714905933 0.7703180212014135 0.7452966714905933 0.7544169611307421 0.7409551374819102 0.7314487632508834 0.7395079594790159 0.726148409893993 0.7337192474674384 0.7137809187279152 0.7264833574529667 0.7049469964664311 0.7221418234442837 0.7031802120141343 0.7163531114327062 0.696113074204947 0.7091172214182344 0.6908127208480566 0.6989869753979739 0.6855123674911661 0.6859623733719248 0.6802120141342756 0.6772793053545586 0.6784452296819788 0.662807525325615 0.6784452296819788
2 0.8263386396526773 0.6749116607773852 0.8191027496382055 0.676678445229682 0.8002894356005789 0.6855123674911661 0.7959479015918958 0.6908127208480566 0.7916063675832128 0.6925795053003534 0.7872648335745297 0.696113074204947 0.7771345875542692 0.7084805653710248 0.7713458755426917 0.7190812720848057 0.7670043415340086 0.7314487632508834 0.76410998552822 0.7473498233215548 0.7626628075253257 0.7703180212014135 0.7655571635311144 0.7915194346289752 0.7698986975397974 0.803886925795053 0.7800289435600579 0.8215547703180212 0.788712011577424 0.8321554770318021 0.7973950795947902 0.8392226148409894 0.8060781476121563 0.8445229681978799 0.8147612156295224 0.8480565371024735 0.8306801736613604 0.8515901060070671 0.8465991316931982 0.8515901060070671 0.85383502170767 0.8498233215547704 0.8654124457308249 0.8445229681978799 0.8798842257597684 0.833922261484099 0.8856729377713459 0.8286219081272085 0.8900144717800289 0.823321554770318 0.8986975397973951 0.8091872791519434 0.9030390738060782 0.8003533568904594 0.9088277858176556 0.773851590106007 0.9088277858176556 0.7385159010600707 0.9059334298118669 0.7208480565371025 0.9030390738060782 0.7137809187279152 0.8958031837916064 0.7014134275618374 0.8885672937771346 0.6925795053003534 0.8798842257597684 0.6855123674911661 0.8596237337192475 0.676678445229682 0.849493487698987 0.6749116607773852
