2 0.8060781476121563 0.26148409893992935 0.8017366136034733 0.26501766784452296 0.7973950795947902 0.2703180212014134 0.7945007235890015 0.2703180212014134 0.788712011577424 0.2756183745583039 0.7771345875542692 0.2915194346289753 0.7713458755426917 0.303886925795053 0.76410998552822 0.3286219081272085 0.76410998552822 0.3551236749116608 0.768451519536903 0.3745583038869258 0.7727930535455861 0.3869257950530035 0.7814761215629522 0.4028268551236749 0.7930535455861071 0.41872791519434627 0.7973950795947902 0.42226148409893993 0.8118668596237337 0.43109540636042404 0.8263386396526773 0.4363957597173145 0.8437047756874095 0.4363957597173145 0.8581765557163531 0.43286219081272087 0.8625180897250362 0.4293286219081272 0.8668596237337193 0.4293286219081272 0.874095513748191 0.42579505300353354 0.8813314037626628 0.4204946996466431 0.8885672937771346 0.411660777385159 0.8929088277858177 0.4098939929328622 0.8972503617945007 0.40636042402826855 0.9088277858176556 0.39045936395759717 0.9131693198263386 0.3763250883392226 0.9160636758321273 0.36042402826855124 0.9160636758321273 0.3339222614840989 0.91027496382055 0.30918727915194344 0.9059334298118669 0.3003533568904594 0.9059334298118669 0.2950530035335689 0.8929088277858177 0.2773851590106007 0.8871201157742402 0.27208480565371024 0.8798842257597684 0.2667844522968198 0.8625180897250362 0.2579505300353357 0.85383502170767 0.25618374558303886 0.8205499276410999 0.25618374558303886
2 0.3068017366136035 0.4752650176678445 0.2894356005788712 0.48586572438162545 0.28364688856729375 0.4911660777385159 0.2691751085383502 0.508833922261484 0.2619392185238784 0.5282685512367491 0.2590448625180897 0.5388692579505301 0.2575976845151954 0.5477031802120141 0.2575976845151954 0.5671378091872792 0.26049204052098407 0.5865724381625441 0.26483357452966716 0.598939929328622 0.27206946454413894 0.6113074204946997 0.29088277858176553 0.6342756183745583 0.2952243125904486 0.6378091872791519 0.30390738060781475 0.6431095406360424 0.31982633863965265 0.6501766784452296 0.3458755426917511 0.6501766784452296 0.35311143270622286 0.6484098939929329 0.35600578871201155 0.6466431095406361 0.36034732272069464 0.6413427561837456 0.3661360347322721 0.6378091872791519 0.3748191027496382 0.6342756183745583 0.3835021707670043 0.6289752650176679 0.3921852387843705 0.6201413427561837 0.3994211287988423 0.6113074204946997 0.402315484804631 0.6060070671378092 0.40955137481910275 0.5865724381625441 0.41244573082489144 0.5724381625441696 0.41244573082489144 0.5459363957597173 0.40955137481910275 0.5318021201413428 0.40520984081041966 0.519434628975265 0.40086830680173663 0.5141342756183745 0.3994211287988423 0.508833922261484 0.3849493487698987 0.4911660777385159 0.3791606367583213 0.48586572438162545 0.36324167872648333 0.47703180212014135 0.34442836468885674 0.4717314487632509 0.3299565846599132 0.46996466431095407 0.31693198263386396 0.4717314487632509
2 0.4934876989869754 0.46819787985865724 0.48480463096960924 0.46996466431095407 0.46888567293777134 0.47703180212014135 0.46599131693198265 0.48056537102473496 0.4630969609261939 0.48056537102473496 0.4515195369030391 0.4911660777385159 0.4515195369030391 0.4929328621908127 0.4399421128798842 0.5053003533568905 0.4341534008683068 0.5176678445229682 0.4283646888567294 0.5371024734982333 0.426917510853835 0.5459363957597173 0.426917510853835 0.5600706713780919 0.4312590448625181 0.588339222614841 0.4356005788712012 0.5936395759717314 0.4370477568740955 0.6007067137809188 0.4399421128798842 0.6060070671378092 0.4515195369030391 0.6201413427561837 0.45296671490593343 0.6254416961130742 0.4558610709117221 0.6289752650176679 0.4645441389290883 0.6360424028268551 0.4761215629522431 0.6431095406360424 0.4905933429811867 0.6484098939929329 0.5123010130246021 0.6484098939929329 0.5195369030390738 0.6466431095406361 0.5267727930535456 0.6431095406360424 0.5441389290882779 0.6325088339222615 0.548480463096961 0.627208480565371 0.552821997105644 0.6254416961130742 0.557163531114327 0.6219081272084805 0.573082489146165 0.6024734982332155 0.5759768451519537 0.5971731448763251 0.5803183791606368 0.5759717314487632 0.5803183791606368 0.5406360424028268 0.5774240231548481 0.5265017667844523 0.5672937771345875 0.5035335689045937 0.5615050651230101 0.49469964664310956 0.5542691751085383 0.48586572438162545 0.5499276410998553 0.4823321554770318 0.5369030390738061 0.4752650176678445 0.532561505065123 0.4752650176678445 0.5282199710564399 0.4717314487632509 0.5108538350217077 0.46819787985865724
2 0.6801736613603473 0.4664310954063604 0.6700434153400868 0.4664310954063604 0.6555716353111433 0.46819787985865724 0.6483357452966715 0.46996466431095407 0.6353111432706223 0.4752650176678445 0.622286541244573 0.4840989399293286 0.6150506512301013 0.4911660777385159 0.6092619392185239 0.5 0.6034732272069464 0.5106007067137809 0.597684515195369 0.5247349823321554 0.5947901591895803 0.5424028268551236 0.5947901591895803 0.5600706713780919 0.597684515195369 0.5812720848056537 0.6020260492040521 0.5918727915194346 0.6078147612156295 0.6024734982332155 0.6078147612156295 0.6060070671378092 0.6121562952243126 0.6148409893992933 0.61794500723589 0.6219081272084805 0.61794500723589 0.6236749116607774 0.6280752532561505 0.6342756183745583 0.6439942112879884 0.6431095406360424 0.6483357452966715 0.6431095406360424 0.6526772793053546 0.6466431095406361 0.6671490593342981 0.6484098939929329 0.678726483357453 0.6466431095406361 0.6903039073806078 0.6431095406360424 0.7004341534008683 0.6378091872791519 0.7047756874095513 0.6325088339222615 0.7091172214182344 0.6289752650176679 0.7134587554269175 0.627208480565371 0.723589001447178 0.6148409893992933 0.7337192474674384 0.598939929328622 0.7351664254703328 0.5936395759717314 0.7395079594790159 0.588339222614841 0.7424023154848046 0.5812720848056537 0.7452966714905933 0.5706713780918727 0.7467438494934877 0.5547703180212014 0.7467438494934877 0.5459363957597173 0.7452966714905933 0.5353356890459364 0.7409551374819102 0.519434628975265 0.7337192474674384 0.5035335689045937 0.7149059334298119 0.48056537102473496 0.7105643994211288 0.47703180212014135 0.6960926193921853 0.46996466431095407
2 0.829232995658466 0.46466431095406363 0.8191027496382055 0.4664310954063604 0.8060781476121563 0.4717314487632509 0.7930535455861071 0.48056537102473496 0.7872648335745297 0.48586572438162545 0.7800289435600579 0.49469964664310956 0.7727930535455861 0.5070671378091873 0.768451519536903 0.5176678445229682 0.76410998552822 0.5353356890459364 0.76410998552822 0.5636042402826855 0.7655571635311144 0.5742049469964664 0.768451519536903 0.5848056537102474 0.7800289435600579 0.6113074204946997 0.784370477568741 0.6183745583038869 0.7959479015918958 0.6307420494699647 0.8133140376266281 0.6413427561837456 0.8176555716353111 0.6431095406360424 0.8248914616497829 0.6448763250883393 0.8451519536903039 0.6448763250883393 0.8567293777134588 0.6413427561837456 0.8755426917510853 0.6307420494699647 0.8842257597684515 0.6236749116607774 0.8972503617945007 0.607773851590106 0.9044862518089725 0.5936395759717314 0.9088277858176556 0.5777385159010601 0.9117221418234442 0.5618374558303887 0.9131693198263386 0.5477031802120141 0.9117221418234442 0.5318021201413428 0.91027496382055 0.5265017667844523 0.9044862518089725 0.5123674911660777 0.8972503617945007 0.5 0.8856729377713459 0.48586572438162545 0.8654124457308249 0.4717314487632509 0.8523878437047757 0.4664310954063604 0.8437047756874095 0.46466431095406363
2 0.1389290882778582 0.6819787985865724 0.1345875542691751 0.6837455830388692 0.11722141823444283 0.6943462897526502 0.10998552821997105 0.7014134275618374 0.09840810419681621 0.7173144876325088 0.09406657018813314 0.726148409893993 0.08972503617945007 0.7385159010600707 0.08683068017366136 0.7526501766784452 0.08683068017366136 0.7720848056537103 0.08972503617945007 0.7950530035335689 0.09696092619392185 0.8127208480565371 0.10130246020260492 0.8197879858657244 0.11143270622286541 0.8321554770318021 0.12735166425470332 0.8462897526501767 0.13603473227206947 0.8515901060070671 0.14327062228654125 0.8533568904593639 0.1736613603473227 0.8533568904593639 0.18234442836468887 0.8515901060070671 0.19247467438494936 0.8480565371024735 0.2011577424023155 0.842756183745583 0.21128798842257598 0.8321554770318021 0.21273516642547033 0.8321554770318021 0.21562952243125905 0.8286219081272085 0.21852387843704776 0.8215547703180212 0.23878437047756873 0.7985865724381626 0.24167872648335745 0.7915194346289752 0.24457308248914617 0.7809187279151943 0.2460202604920405 0.7720848056537103 0.2460202604920405 0.7455830388692579 0.24312590448625182 0.7314487632508834 0.23733719247467439 0.7190812720848057 0.21852387843704776 0.696113074204947 0.2040520984081042 0.6855123674911661 0.18958031837916064 0.6802120141342756 0.17800289435600578 0.6784452296819788 0.1548480463096961 0.6784452296819788
2 0.32127351664254705 0.6784452296819788 0.3125904486251809 0.6802120141342756 0.2995658465991317 0.6855123674911661 0.29667149059334297 0.6890459363957597 0.2937771345875543 0.6890459363957597 0.2865412445730825 0.6943462897526502 0.2778581765557164 0.7049469964664311 0.276410998552822 0.7049469964664311 0.2691751085383502 0.7137809187279152 0.2619392185238784 0.7296819787985865 0.2575976845151954 0.7473498233215548 0.25615050651230103 0.7597173144876325 0.25615050651230103 0.7720848056537103 0.2590448625180897 0.7932862190812721 0.2633863965267728 0.8091872791519434 0.26772793053545585 0.8144876325088339 0.2691751085383502 0.8197879858657244 0.28798842257597684 0.842756183745583 0.2952243125904486 0.8480565371024735 0.3068017366136035 0.8533568904593639 0.3154848046309696 0.8551236749116607 0.3357452966714906 0.8551236749116607 0.3516642547033285 0.8515901060070671 0.35600578871201155 0.8498233215547704 0.37337192474674386 0.8374558303886925 0.38929088277858176 0.8180212014134276 0.3907380607814761 0.8127208480565371 0.3979739507959479 0.803886925795053 0.4037626628075253 0.8003533568904594 0.4081041968162084 0.7950530035335689 0.41244573082489144 0.7791519434628975 0.41389290882778584 0.7667844522968198 0.41389290882778584 0.7597173144876325 0.41244573082489144 0.7579505300353356 0.41244573082489144 0.7491166077738516 0.40955137481910275 0.7367491166077739 0.4037626628075253 0.7226148409893993 0.3921852387843705 0.7049469964664311 0.38060781476121563 0.6943462897526502 0.36468885672937773 0.6855123674911661 0.34876989869753977 0.6802120141342756 0.3386396526772793 0.6784452296819788
2 0.47901591895803186 0.6802120141342756 0.4703328509406657 0.6837455830388692 0.4544138929088278 0.6943462897526502 0.44573082489146165 0.7031802120141343 0.4370477568740955 0.715547703180212 0.42981186685962375 0.7296819787985865 0.426917510853835 0.7385159010600707 0.42547033285094066 0.7473498233215548 0.4240231548480463 0.7667844522968198 0.42547033285094066 0.7826855123674912 0.4283646888567294 0.7968197879858657 0.4312590448625181 0.8056537102473498 0.4399421128798842 0.8215547703180212 0.4544138929088278 0.8392226148409894 0.45875542691751087 0.842756183745583 0.4703328509406657 0.8498233215547704 0.48914616497829233 0.8551236749116607 0.5065123010130246 0.8551236749116607 0.5151953690303908 0.8533568904593639 0.5238784370477568 0.8498233215547704 0.5296671490593343 0.8462897526501767 0.5340086830680174 0.8409893992932862 0.5412445730824892 0.8374558303886925 0.552821997105644 0.823321554770318 0.5615050651230101 0.8091872791519434 0.5629522431259045 0.803886925795053 0.5687409551374819 0.7968197879858657 0.5701881331403763 0.7915194346289752 0.5745296671490593 0.7862190812720848 0.5774240231548481 0.7791519434628975 0.5788712011577424 0.7703180212014135 0.5788712011577424 0.7614840989399293 0.5803183791606368 0.7597173144876325 0.5803183791606368 0.7526501766784452 0.5774240231548481 0.734982332155477 0.573082489146165 0.7243816254416962 0.5658465991316932 0.7120141342756183 0.5600578871201157 0.7049469964664311 0.5586107091172214 0.7049469964664311 0.5513748191027497 0.696113074204947 0.5441389290882779 0.6908127208480566 0.5412445730824892 0.6908127208480566 0.5383502170767004 0.6872791519434629 0.5195369030390738 0.6802120141342756 0.5123010130246021 0.6784452296819788 0.48625180897250364 0.6784452296819788
2 0.658465991316932 0.676678445229682 0.6454413892908828 0.6802120141342756 0.6338639652677279 0.6855123674911661 0.6164978292329957 0.6996466431095406 0.6078147612156295 0.7120141342756183 0.6063675832127352 0.7173144876325088 0.6020260492040521 0.7226148409893993 0.597684515195369 0.7314487632508834 0.5962373371924746 0.7367491166077739 0.5947901591895803 0.7491166077738516 0.5947901591895803 0.7791519434628975 0.5962373371924746 0.7915194346289752 0.597684515195369 0.7968197879858657 0.6049204052098408 0.8144876325088339 0.6107091172214182 0.8250883392226148 0.6208393632416788 0.8374558303886925 0.6309696092619392 0.8462897526501767 0.6410998552821997 0.8515901060070671 0.6555716353111433 0.8551236749116607 0.6758321273516642 0.8551236749116607 0.683068017366136 0.8533568904593639 0.6917510853835022 0.8498233215547704 0.7004341534008683 0.8445229681978799 0.7047756874095513 0.8392226148409894 0.7091172214182344 0.8374558303886925 0.7134587554269175 0.833922261484099 0.7192474674384949 0.8268551236749117 0.7250361794500724 0.8180212014134276 0.7337192474674384 0.8021201413427562 0.7395079594790159 0.7879858657243817 0.7409551374819102 0.7826855123674912 0.743849493487699 0.7632508833922261 0.743849493487699 0.7473498233215548 0.7395079594790159 0.726148409893993 0.7337192474674384 0.7137809187279152 0.7192474674384949 0.696113074204947 0.703328509406657 0.6855123674911661 0.6859623733719248 0.6784452296819788 0.678726483357453 0.676678445229682
2 0.8263386396526773 0.676678445229682 0.8191027496382055 0.6784452296819788 0.8031837916063675 0.6855123674911661 0.7988422575976846 0.6908127208480566 0.7916063675832128 0.6943462897526502 0.784370477568741 0.7031802120141343 0.7785817655571635 0.7120141342756183 0.7727930535455861 0.7226148409893993 0.768451519536903 0.7367491166077739 0.7670043415340086 0.7455830388692579 0.7670043415340086 0.7579505300353356 0.7655571635311144 0.7597173144876325 0.7655571635311144 0.7703180212014135 0.768451519536903 0.7862190812720848 0.7727930535455861 0.8021201413427562 0.7800289435600579 0.8197879858657244 0.7829232995658466 0.8250883392226148 0.7901591895803184 0.833922261484099 0.7973950795947902 0.8409893992932862 0.8118668596237337 0.8498233215547704 0.8162083936324168 0.8515901060070671 0.8335745296671491 0.8551236749116607 0.8437047756874095 0.8551236749116607 0.8581765557163531 0.8515901060070671 0.8712011577424024 0.8445229681978799 0.8842257597684515 0.833922261484099 0.8900144717800289 0.8268551236749117 0.8900144717800289 0.8250883392226148 0.8972503617945007 0.8162544169611308 0.9059334298118669 0.8003533568904594 0.9088277858176556 0.7932862190812721 0.9117221418234442 0.7826855123674912 0.9160636758321273 0.7614840989399293 0.9160636758321273 0.7420494699646644 0.9131693198263386 0.7279151943462897 0.9088277858176556 0.7173144876325088 0.8958031837916064 0.7014134275618374 0.8885672937771346 0.6943462897526502 0.8755426917510853 0.6855123674911661 0.8639652677279306 0.6802120141342756 0.8523878437047757 0.676678445229682
