2 0.2503617945007236 0.21024734982332155 0.25180897250361794 0.2137809187279152 0.2532561505065123 0.21024734982332155 0.2503617945007236 0.21024734982332155 0.23589001447178004 0.19964664310954064 0.24312590448625182 0.18021201413427562 0.2460202604920405 0.1696113074204947 0.24746743849493488 0.15371024734982333 0.24746743849493488 0.14664310954063603 0.24457308248914617 0.13074204946996468 0.2402315484804631 0.11837455830388692 0.23444283646888567 0.10600706713780919 0.2170767004341534 0.08480565371024736 0.18958031837916064 0.06713780918727916 0.17510853835021709 0.061837455830388695 0.14327062228654125 0.061837455830388695 0.1345875542691751 0.0636042402826855 0.12156295224312591 0.0706713780918728 0.11143270622286541 0.0812720848056537 0.10130246020260492 0.09363957597173145 0.09696092619392185 0.10070671378091872 0.09261939218523878 0.11130742049469965 0.08972503617945007 0.12190812720848057 0.08683068017366136 0.13780918727915195 0.08683068017366136 0.14840989399293286 0.08827785817655572 0.1607773851590106 0.09117221418234443 0.17491166077738515 0.09406657018813314 0.18374558303886926 0.10274963820549927 0.20141342756183744 0.1085383502170767 0.20848056537102475 0.1345875542691751 0.22968197879858657 0.14327062228654125 0.23498233215547704 0.15629522431259044 0.24028268551236748 0.1678726483357453 0.2420494699646643 0.191027496382055 0.24028268551236748 0.20549927641099855 0.23498233215547704 0.21128798842257598 0.2314487632508834 0.22286541244573083 0.21908127208480566 0.23589001447178004 0.19964664310954064
2 0.2952243125904486 0.0636042402826855 0.28364688856729375 0.07243816254416961 0.2706222865412446 0.08833922261484099 0.26772793053545585 0.09363957597173145 0.26772793053545585 0.09717314487632508 0.2633863965267728 0.10424028268551237 0.26049204052098407 0.11130742049469965 0.2575976845151954 0.12190812720848057 0.2575976845151954 0.15547703180212014 0.26049204052098407 0.1696113074204947 0.2633863965267728 0.17314487632508835 0.2633863965267728 0.1784452296819788 0.26483357452966716 0.18374558303886926 0.2691751085383502 0.19257950530035337 0.2894356005788712 0.21731448763250882 0.2937771345875543 0.22084805653710246 0.3111432706222865 0.2314487632508834 0.3299565846599132 0.23674911660777384 0.34442836468885674 0.23674911660777384 0.35600578871201155 0.2332155477031802 0.361794500723589 0.22968197879858657 0.3748191027496382 0.21908127208480566 0.38060781476121563 0.2067137809187279 0.38205499276411 0.21201413427561838 0.3849493487698987 0.21201413427561838 0.3849493487698987 0.2067137809187279 0.38639652677279307 0.20318021201413428 0.3907380607814761 0.20141342756183744 0.3950795947901592 0.1978798586572438 0.40086830680173663 0.19081272084805653 0.4081041968162084 0.17491166077738515 0.41389290882778584 0.1501766784452297 0.41244573082489144 0.1254416961130742 0.4153400868306802 0.12014134275618374 0.40955137481910275 0.11484098939929328 0.40665701881331406 0.10777385159010601 0.39363241678726485 0.09363957597173145 0.38929088277858176 0.08657243816254417 0.37771345875542695 0.07597173144876325 0.3589001447178003 0.0636042402826855 0.35021707670043417 0.06007067137809187 0.33719247467438496 0.05653710247349823 0.3154848046309696 0.05653710247349823
2 0.45296671490593343 0.07243816254416961 0.4370477568740955 0.09187279151943463 0.4283646888567294 0.11130742049469965 0.42547033285094066 0.12190812720848057 0.42547033285094066 0.1519434628975265 0.42981186685962375 0.17491166077738515 0.4341534008683068 0.1855123674911661 0.44283646888567296 0.196113074204947 0.45007235890014474 0.20848056537102475 0.45875542691751087 0.21731448763250882 0.467438494934877 0.22438162544169613 0.4804630969609262 0.2314487632508834 0.48914616497829233 0.2332155477031802 0.5151953690303908 0.2332155477031802 0.5253256150506512 0.2314487632508834 0.5311143270622286 0.22968197879858657 0.5354558610709117 0.22614840989399293 0.5397973950795948 0.22614840989399293 0.5441389290882779 0.22438162544169613 0.552821997105644 0.21908127208480566 0.5600578871201157 0.21201413427561838 0.5643994211287988 0.21024734982332155 0.5643994211287988 0.2067137809187279 0.5759768451519537 0.19081272084805653 0.5788712011577424 0.19257950530035337 0.5788712011577424 0.18904593639575973 0.5803183791606368 0.1872791519434629 0.5817655571635311 0.17314487632508835 0.5861070911722142 0.1696113074204947 0.5861070911722142 0.13780918727915195 0.5832127351664255 0.13250883392226148 0.5832127351664255 0.127208480565371 0.5759768451519537 0.11130742049469965 0.5513748191027497 0.0812720848056537 0.5354558610709117 0.06713780918727916 0.5296671490593343 0.0636042402826855 0.5209840810419681 0.06007067137809187 0.5123010130246021 0.06007067137809187 0.5065123010130246 0.05653710247349823 0.48625180897250364 0.05653710247349823 0.47901591895803186 0.05830388692579505 0.4645441389290883 0.0636042402826855
2 0.6570188133140377 0.05123674911660778 0.6483357452966715 0.053003533568904596 0.6396526772793053 0.05653710247349823 0.6367583212735166 0.06007067137809187 0.6309696092619392 0.061837455830388695 0.6251808972503617 0.06537102473498234 0.6208393632416788 0.06890459363957598 0.6092619392185239 0.08303886925795052 0.6034732272069464 0.09363957597173145 0.597684515195369 0.10777385159010601 0.5933429811866859 0.12897526501766785 0.5933429811866859 0.1413427561837456 0.5947901591895803 0.15371024734982333 0.597684515195369 0.16607773851590105 0.6063675832127352 0.1872791519434629 0.6164978292329957 0.20318021201413428 0.6251808972503617 0.2137809187279152 0.6338639652677279 0.22084805653710246 0.6483357452966715 0.22968197879858657 0.6526772793053546 0.2314487632508834 0.6685962373371924 0.2332155477031802 0.6874095513748191 0.22968197879858657 0.7018813314037626 0.2226148409893993 0.7221418234442837 0.2049469964664311 0.7322720694645442 0.19257950530035337 0.7395079594790159 0.17491166077738515 0.743849493487699 0.15724381625441697 0.7452966714905933 0.14840989399293286 0.7452966714905933 0.12367491166077739 0.7395079594790159 0.10777385159010601 0.7293777134587555 0.09010600706713781 0.7149059334298119 0.07243816254416961 0.7091172214182344 0.06713780918727916 0.7018813314037626 0.061837455830388695 0.6845151953690304 0.053003533568904596 0.678726483357453 0.05123674911660778
2 0.8060781476121563 0.05653710247349823 0.8031837916063675 0.06007067137809187 0.7973950795947902 0.061837455830388695 0.7872648335745297 0.06890459363957598 0.7742402315484804 0.08480565371024736 0.7698986975397974 0.09187279151943463 0.76410998552822 0.10954063604240283 0.7612156295224313 0.127208480565371 0.7612156295224313 0.1519434628975265 0.76410998552822 0.16607773851590105 0.768451519536903 0.17667844522968199 0.7800289435600579 0.1978798586572438 0.7901591895803184 0.21024734982332155 0.8017366136034733 0.22084805653710246 0.8133140376266281 0.22791519434628976 0.8219971056439942 0.2314487632508834 0.8509406657018813 0.2314487632508834 0.8639652677279306 0.22791519434628976 0.8784370477568741 0.21908127208480566 0.8842257597684515 0.2137809187279152 0.894356005788712 0.20141342756183744 0.9015918958031838 0.18904593639575973 0.9059334298118669 0.1784452296819788 0.9088277858176556 0.16607773851590105 0.9117221418234442 0.14487632508833923 0.9117221418234442 0.1254416961130742 0.9088277858176556 0.11307420494699646 0.9001447178002895 0.09363957597173145 0.8958031837916064 0.08657243816254417 0.8900144717800289 0.07950530035335689 0.8784370477568741 0.06713780918727916 0.8610709117221418 0.05653710247349823 0.8509406657018813 0.053003533568904596 0.8408104196816208 0.05123674911660778 0.8248914616497829 0.05123674911660778 0.8162083936324168 0.053003533568904596
2 0.1345875542691751 0.2703180212014134 0.12590448625180897 0.2756183745583039 0.11866859623733719 0.2826855123674912 0.11722141823444283 0.2826855123674912 0.11577424023154848 0.284452296819788 0.11577424023154848 0.2862190812720848 0.10564399421128799 0.2968197879858657 0.09985528219971057 0.30742049469964666 0.09696092619392185 0.31448763250883394 0.09261939218523878 0.3321554770318021 0.09117221418234443 0.34452296819787986 0.09117221418234443 0.36395759717314485 0.09406657018813314 0.38162544169611307 0.09985528219971057 0.3957597173144876 0.10564399421128799 0.40636042402826855 0.11577424023154848 0.41872791519434627 0.12156295224312591 0.42402826855123676 0.13603473227206947 0.43286219081272087 0.1476121562952243 0.4381625441696113 0.15918958031837915 0.4416961130742049 0.1678726483357453 0.44346289752650175 0.17800289435600578 0.44346289752650175 0.18958031837916064 0.4416961130742049 0.2011577424023155 0.4381625441696113 0.21562952243125905 0.4293286219081272 0.2272069464544139 0.41872791519434627 0.23299565846599132 0.4098939929328622 0.23878437047756873 0.3992932862190813 0.2460202604920405 0.37985865724381623 0.24891461649782923 0.3586572438162544 0.24746743849493488 0.3374558303886926 0.2460202604920405 0.3303886925795053 0.23878437047756873 0.3127208480565371 0.2301013024602026 0.29858657243816256 0.22431259044862517 0.2915194346289753 0.2170767004341534 0.2879858657243816 0.2098408104196816 0.28091872791519434 0.20260492040520983 0.2756183745583039 0.191027496382055 0.2703180212014134 0.1837916063675832 0.2703180212014134 0.17800289435600578 0.2667844522968198 0.16931982633863965 0.26501766784452296 0.1548480463096961 0.26501766784452296 0.1447178002894356 0.2667844522968198
2 0.2952243125904486 0.2703180212014134 0.28509406657018815 0.2773851590106007 0.2662807525325615 0.30212014134275617 0.2619392185238784 0.31095406360424027 0.26049204052098407 0.31625441696113077 0.25615050651230103 0.3392226148409894 0.25615050651230103 0.36395759717314485 0.2575976845151954 0.37279151943462896 0.26049204052098407 0.37809187279151946 0.26049204052098407 0.3833922261484099 0.2619392185238784 0.38869257950530034 0.2662807525325615 0.3992932862190813 0.2691751085383502 0.4045936395759717 0.28364688856729375 0.42226148409893993 0.3068017366136035 0.4381625441696113 0.3256150506512301 0.44346289752650175 0.34008683068017365 0.44346289752650175 0.3545586107091172 0.4416961130742049 0.36903039073806077 0.4363957597173145 0.3791606367583213 0.43109540636042404 0.3835021707670043 0.4275618374558304 0.39652677279305354 0.4134275618374558 0.4037626628075253 0.4010600706713781 0.40665701881331406 0.392226148409894 0.40955137481910275 0.37809187279151946 0.4109985528219971 0.3657243816254417 0.4109985528219971 0.3374558303886926 0.40955137481910275 0.3286219081272085 0.40520984081041966 0.31448763250883394 0.39363241678726485 0.2968197879858657 0.38060781476121563 0.2826855123674912 0.37337192474674386 0.2791519434628975 0.3661360347322721 0.27208480565371024 0.3589001447178003 0.2703180212014134 0.3516642547033285 0.26501766784452296 0.3473227206946454 0.26325088339222613 0.33719247467438496 0.26148409893992935 0.32127351664254705 0.26148409893992935 0.3068017366136035 0.26501766784452296 0.2995658465991317 0.2703180212014134
2 0.6468885672937771 0.26148409893992935 0.6353111432706223 0.2667844522968198 0.6266280752532561 0.27385159010600707 0.6237337192474675 0.27385159010600707 0.61794500723589 0.2791519434628975 0.613603473227207 0.284452296819788 0.613603473227207 0.2862190812720848 0.6078147612156295 0.29328621908127206 0.5991316931982634 0.30918727915194344 0.5962373371924746 0.31625441696113077 0.5962373371924746 0.32332155477031804 0.5933429811866859 0.3303886925795053 0.5933429811866859 0.3568904593639576 0.5947901591895803 0.3674911660777385 0.597684515195369 0.37985865724381623 0.6063675832127352 0.3992932862190813 0.6193921852387844 0.41872791519434627 0.6295224312590448 0.4275618374558304 0.6367583212735166 0.43286219081272087 0.6468885672937771 0.4381625441696113 0.6541244573082489 0.43992932862190814 0.6758321273516642 0.43992932862190814 0.683068017366136 0.4381625441696113 0.7018813314037626 0.4293286219081272 0.7120115774240231 0.41872791519434627 0.7134587554269175 0.41872791519434627 0.7163531114327062 0.41519434628975266 0.7163531114327062 0.4134275618374558 0.7206946454413893 0.40636042402826855 0.7279305354558611 0.3992932862190813 0.7337192474674384 0.39045936395759717 0.7424023154848046 0.36042402826855124 0.743849493487699 0.35159010600706714 0.7424023154848046 0.3321554770318021 0.7409551374819102 0.32332155477031804 0.7380607814761215 0.3127208480565371 0.7366136034732272 0.30918727915194344 0.7337192474674384 0.30565371024734983 0.7337192474674384 0.30212014134275617 0.7308248914616498 0.2968197879858657 0.723589001447178 0.28975265017667845 0.7178002894356006 0.28091872791519434 0.7091172214182344 0.27385159010600707 0.6903039073806078 0.26325088339222613 0.6772793053545586 0.2597173144876325 0.6555716353111433 0.2597173144876325
2 0.8176555716353111 0.2597173144876325 0.8075253256150506 0.26325088339222613 0.7901591895803184 0.2756183745583039 0.7771345875542692 0.2915194346289753 0.7742402315484804 0.2968197879858657 0.768451519536903 0.31095406360424027 0.76410998552822 0.3286219081272085 0.7626628075253257 0.3409893992932862 0.76410998552822 0.3568904593639576 0.7670043415340086 0.37279151943462896 0.7742402315484804 0.39045936395759717 0.7785817655571635 0.3992932862190813 0.784370477568741 0.4081272084805654 0.7945007235890015 0.41872791519434627 0.8133140376266281 0.43109540636042404 0.8306801736613604 0.4363957597173145 0.849493487698987 0.4363957597173145 0.8755426917510853 0.4275618374558304 0.8856729377713459 0.4204946996466431 0.8885672937771346 0.4169611307420495 0.8885672937771346 0.41519434628975266 0.9044862518089725 0.39752650176678445 0.9073806078147613 0.392226148409894 0.9131693198263386 0.37279151943462896 0.9160636758321273 0.3551236749116608 0.9160636758321273 0.3392226148409894 0.9131693198263386 0.3250883392226148 0.9059334298118669 0.303886925795053 0.9015918958031838 0.2950530035335689 0.8856729377713459 0.2756183745583039 0.8813314037626628 0.27208480565371024 0.8726483357452967 0.26855123674911663 0.869753979739508 0.26501766784452296 0.8639652677279306 0.26148409893992935 0.85383502170767 0.2579505300353357 0.8451519536903039 0.25618374558303886 0.8263386396526773 0.2579505300353357
2 0.11722141823444283 0.4911660777385159 0.10998552821997105 0.49823321554770317 0.09840810419681621 0.5123674911660777 0.09696092619392185 0.5159010600706714 0.09696092619392185 0.519434628975265 0.09406657018813314 0.5229681978798587 0.08972503617945007 0.5388692579505301 0.08827785817655572 0.5512367491166078 0.08827785817655572 0.5706713780918727 0.08972503617945007 0.5830388692579506 0.09406657018813314 0.598939929328622 0.10130246020260492 0.6130742049469965 0.11143270622286541 0.6254416961130742 0.11722141823444283 0.6307420494699647 0.13314037626628075 0.6413427561837456 0.15340086830680175 0.6484098939929329 0.1649782923299566 0.6484098939929329 0.16642547033285093 0.6501766784452296 0.17655571635311143 0.6501766784452296 0.19247467438494936 0.6466431095406361 0.2011577424023155 0.6431095406360424 0.2141823444283647 0.6360424028268551 0.22286541244573083 0.627208480565371 0.23299565846599132 0.6130742049469965 0.2402315484804631 0.5936395759717314 0.24312590448625182 0.5777385159010601 0.24312590448625182 0.5441696113074205 0.24167872648335745 0.5335689045936396 0.2402315484804631 0.5282685512367491 0.23299565846599132 0.5123674911660777 0.22431259044862517 0.5017667844522968 0.2141823444283647 0.4929328621908127 0.2040520984081042 0.48586572438162545 0.19247467438494936 0.48056537102473496 0.18523878437047755 0.48056537102473496 0.17945007235890015 0.47703180212014135 0.17221418234442837 0.4752650176678445 0.14905933429811866 0.4752650176678445 0.13314037626628075 0.48056537102473496
2 0.3068017366136035 0.4752650176678445 0.2894356005788712 0.48586572438162545 0.28075253256150506 0.4929328621908127 0.2691751085383502 0.5070671378091873 0.2662807525325615 0.5123674911660777 0.26049204052098407 0.5265017667844523 0.25615050651230103 0.5441696113074205 0.25615050651230103 0.5759717314487632 0.2619392185238784 0.598939929328622 0.2706222865412446 0.6166077738515902 0.2793053545586107 0.627208480565371 0.29232995658465993 0.6378091872791519 0.3024602026049204 0.6431095406360424 0.31693198263386396 0.6484098939929329 0.32706222865412443 0.6501766784452296 0.34008683068017365 0.6501766784452296 0.35021707670043417 0.6484098939929329 0.36903039073806077 0.6395759717314488 0.38205499276411 0.6307420494699647 0.3878437047756874 0.6254416961130742 0.3979739507959479 0.6130742049469965 0.40665701881331406 0.5954063604240283 0.40665701881331406 0.5918727915194346 0.40955137481910275 0.588339222614841 0.41244573082489144 0.5724381625441696 0.41244573082489144 0.5547703180212014 0.40955137481910275 0.5300353356890459 0.40665701881331406 0.5212014134275619 0.3979739507959479 0.5070671378091873 0.3921852387843705 0.5 0.37771345875542695 0.4876325088339223 0.36903039073806077 0.4823321554770318 0.35600578871201155 0.4787985865724382 0.3516642547033285 0.4752650176678445 0.33719247467438496 0.4717314487632509 0.31982633863965265 0.4717314487632509
2 0.48191027496382055 0.4717314487632509 0.4717800289435601 0.4752650176678445 0.4573082489146165 0.4840989399293286 0.4515195369030391 0.48939929328621906 0.4384949348769899 0.5053003533568905 0.4283646888567294 0.5247349823321554 0.42547033285094066 0.5388692579505301 0.4240231548480463 0.558303886925795 0.42547033285094066 0.5742049469964664 0.4283646888567294 0.5865724381625441 0.43270622286541244 0.5971731448763251 0.44283646888567296 0.6148409893992933 0.45296671490593343 0.6289752650176679 0.4544138929088278 0.6289752650176679 0.4573082489146165 0.6325088339222615 0.4703328509406657 0.6413427561837456 0.48914616497829233 0.6484098939929329 0.5137481910274964 0.6484098939929329 0.5195369030390738 0.6466431095406361 0.5311143270622286 0.6395759717314488 0.5426917510853835 0.6307420494699647 0.5542691751085383 0.6183745583038869 0.5615050651230101 0.6095406360424028 0.5658465991316932 0.6024734982332155 0.5759768451519537 0.5795053003533569 0.5774240231548481 0.5706713780918727 0.5774240231548481 0.5441696113074205 0.5745296671490593 0.5300353356890459 0.5687409551374819 0.5159010600706714 0.5629522431259045 0.508833922261484 0.5615050651230101 0.5035335689045937 0.5441389290882779 0.48586572438162545 0.5354558610709117 0.48056537102473496 0.5311143270622286 0.48056537102473496 0.5238784370477568 0.4752650176678445 0.5123010130246021 0.4717314487632509 0.5007235890014472 0.46996466431095407 0.4934876989869754 0.46996466431095407
2 0.6410998552821997 0.46996466431095407 0.6309696092619392 0.4752650176678445 0.6266280752532561 0.48056537102473496 0.6237337192474675 0.48056537102473496 0.6193921852387844 0.4840989399293286 0.6121562952243126 0.49469964664310956 0.6063675832127352 0.5 0.5991316931982634 0.5123674911660777 0.5933429811866859 0.5265017667844523 0.5918958031837916 0.5388692579505301 0.5918958031837916 0.5600706713780919 0.5933429811866859 0.5777385159010601 0.597684515195369 0.5918727915194346 0.6092619392185239 0.6130742049469965 0.6208393632416788 0.627208480565371 0.6251808972503617 0.6307420494699647 0.6439942112879884 0.6413427561837456 0.6483357452966715 0.6431095406360424 0.658465991316932 0.6448763250883393 0.6729377713458755 0.6448763250883393 0.683068017366136 0.6431095406360424 0.6975397973950795 0.6378091872791519 0.7004341534008683 0.6360424028268551 0.7047756874095513 0.6307420494699647 0.7091172214182344 0.6289752650176679 0.7178002894356006 0.6201413427561837 0.7206946454413893 0.6130742049469965 0.7337192474674384 0.5971731448763251 0.7424023154848046 0.5706713780918727 0.743849493487699 0.5636042402826855 0.7452966714905933 0.5459363957597173 0.743849493487699 0.5335689045936396 0.7409551374819102 0.519434628975265 0.7337192474674384 0.5035335689045937 0.7264833574529667 0.49469964664310956 0.7178002894356006 0.48586572438162545 0.7091172214182344 0.48056537102473496 0.7062228654124457 0.48056537102473496 0.703328509406657 0.47703180212014135 0.6888567293777135 0.46996466431095407 0.6772793053545586 0.4664310954063604 0.6541244573082489 0.4664310954063604
2 0.8248914616497829 0.46466431095406363 0.8147612156295224 0.46819787985865724 0.7988422575976846 0.47703180212014135 0.7901591895803184 0.4840989399293286 0.7800289435600579 0.49646643109540634 0.7742402315484804 0.5053003533568905 0.768451519536903 0.519434628975265 0.76410998552822 0.5371024734982333 0.76410998552822 0.5706713780918727 0.7655571635311144 0.5795053003533569 0.7698986975397974 0.5901060070671378 0.7771345875542692 0.6042402826855123 0.7814761215629522 0.6113074204946997 0.788712011577424 0.6201413427561837 0.7973950795947902 0.6289752650176679 0.808972503617945 0.6360424028268551 0.8248914616497829 0.6413427561837456 0.8393632416787264 0.6431095406360424 0.8523878437047757 0.6413427561837456 0.8581765557163531 0.6395759717314488 0.874095513748191 0.6307420494699647 0.8842257597684515 0.6219081272084805 0.9015918958031838 0.6024734982332155 0.9044862518089725 0.5971731448763251 0.914616497829233 0.5653710247349824 0.9160636758321273 0.558303886925795 0.9160636758321273 0.5388692579505301 0.91027496382055 0.519434628975265 0.9059334298118669 0.508833922261484 0.8900144717800289 0.48586572438162545 0.8856729377713459 0.4823321554770318 0.8813314037626628 0.48056537102473496 0.8769898697539797 0.4752650176678445 0.8712011577424024 0.4717314487632509 0.8625180897250362 0.46819787985865724 0.8480463096960926 0.46466431095406363
2 0.14905933429811866 0.6802120141342756 0.1345875542691751 0.6855123674911661 0.12156295224312591 0.6943462897526502 0.10709117221418235 0.7084805653710248 0.09840810419681621 0.7226148409893993 0.09406657018813314 0.7332155477031802 0.09117221418234443 0.7473498233215548 0.09117221418234443 0.784452296819788 0.09261939218523878 0.7932862190812721 0.09840810419681621 0.8074204946996466 0.10419681620839363 0.8180212014134276 0.11577424023154848 0.8321554770318021 0.12445730824891461 0.8409893992932862 0.13748191027496381 0.8480565371024735 0.15050651230101303 0.8515901060070671 0.17655571635311143 0.8515901060070671 0.18523878437047755 0.8498233215547704 0.2011577424023155 0.842756183745583 0.21273516642547033 0.8321554770318021 0.21562952243125905 0.8321554770318021 0.22141823444283648 0.8268551236749117 0.23733719247467439 0.8074204946996466 0.24167872648335745 0.7968197879858657 0.2460202604920405 0.7791519434628975 0.24746743849493488 0.7632508833922261 0.24746743849493488 0.7526501766784452 0.2460202604920405 0.7402826855123675 0.24167872648335745 0.726148409893993 0.23589001447178004 0.7137809187279152 0.2272069464544139 0.7014134275618374 0.22575976845151954 0.7014134275618374 0.22141823444283648 0.696113074204947 0.21562952243125905 0.6925795053003534 0.2098408104196816 0.6908127208480566 0.2040520984081042 0.6855123674911661 0.19681620839363242 0.6819787985865724 0.1837916063675832 0.6784452296819788 0.15918958031837915 0.6784452296819788
2 0.3227206946454414 0.6784452296819788 0.3096960926193922 0.6819787985865724 0.30101302460202606 0.6855123674911661 0.28798842257597684 0.6943462897526502 0.2821997105643994 0.6996466431095406 0.2691751085383502 0.715547703180212 0.2619392185238784 0.7332155477031802 0.2575976845151954 0.7508833922261484 0.2575976845151954 0.7809187279151943 0.26049204052098407 0.7968197879858657 0.26483357452966716 0.8109540636042403 0.2691751085383502 0.8197879858657244 0.28075253256150506 0.833922261484099 0.2865412445730825 0.8392226148409894 0.30390738060781475 0.8498233215547704 0.3154848046309696 0.8533568904593639 0.3458755426917511 0.8533568904593639 0.35600578871201155 0.8498233215547704 0.3704775687409551 0.8409893992932862 0.3791606367583213 0.833922261484099 0.3878437047756874 0.823321554770318 0.3921852387843705 0.8127208480565371 0.40665701881331406 0.7950530035335689 0.41244573082489144 0.7791519434628975 0.41244573082489144 0.7491166077738516 0.40955137481910275 0.734982332155477 0.40520984081041966 0.7208480565371025 0.402315484804631 0.715547703180212 0.38929088277858176 0.6996466431095406 0.3835021707670043 0.6943462897526502 0.37771345875542695 0.6908127208480566 0.34876989869753977 0.6802120141342756 0.3386396526772793 0.6784452296819788
2 0.48191027496382055 0.676678445229682 0.467438494934877 0.6819787985865724 0.4515195369030391 0.6925795053003534 0.44573082489146165 0.6978798586572438 0.4399421128798842 0.7049469964664311 0.4399421128798842 0.7067137809187279 0.43270622286541244 0.715547703180212 0.426917510853835 0.7279151943462897 0.4240231548480463 0.7385159010600707 0.42257597684515197 0.7491166077738516 0.42257597684515197 0.7791519434628975 0.42547033285094066 0.7915194346289752 0.43270622286541244 0.8091872791519434 0.4384949348769899 0.8197879858657244 0.44862518089725034 0.8321554770318021 0.4558610709117221 0.8392226148409894 0.467438494934877 0.8462897526501767 0.47756874095513746 0.8498233215547704 0.48625180897250364 0.8515901060070671 0.5065123010130246 0.8515901060070671 0.5195369030390738 0.8480565371024735 0.5296671490593343 0.842756183745583 0.532561505065123 0.8392226148409894 0.5383502170767004 0.8374558303886925 0.5455861070911722 0.8321554770318021 0.5513748191027497 0.8250883392226148 0.5557163531114327 0.8180212014134276 0.557163531114327 0.8127208480565371 0.5615050651230101 0.8074204946996466 0.5687409551374819 0.7897526501766784 0.573082489146165 0.7756183745583038 0.5759768451519537 0.7614840989399293 0.5759768451519537 0.7526501766784452 0.573082489146165 0.7438162544169611 0.573082489146165 0.734982332155477 0.5701881331403763 0.726148409893993 0.5643994211287988 0.7137809187279152 0.5499276410998553 0.696113074204947 0.5455861070911722 0.6925795053003534 0.5311143270622286 0.6837455830388692 0.5123010130246021 0.676678445229682 0.5007235890014472 0.6749116607773852 0.4934876989869754 0.6749116607773852
2 0.6613603473227206 0.676678445229682 0.6526772793053546 0.6784452296819788 0.638205499276411 0.6837455830388692 0.622286541244573 0.6943462897526502 0.6121562952243126 0.7049469964664311 0.6005788712011577 0.7226148409893993 0.597684515195369 0.7279151943462897 0.5962373371924746 0.7332155477031802 0.5933429811866859 0.7508833922261484 0.5933429811866859 0.7879858657243817 0.5962373371924746 0.7985865724381626 0.5991316931982634 0.8056537102473498 0.6092619392185239 0.823321554770318 0.6164978292329957 0.8321554770318021 0.6280752532561505 0.842756183745583 0.6396526772793053 0.8498233215547704 0.6512301013024602 0.8533568904593639 0.6801736613603473 0.8533568904593639 0.6874095513748191 0.8515901060070671 0.7018813314037626 0.8445229681978799 0.7062228654124457 0.8392226148409894 0.7105643994211288 0.8374558303886925 0.7163531114327062 0.8321554770318021 0.7250361794500724 0.8197879858657244 0.7279305354558611 0.8127208480565371 0.7337192474674384 0.8056537102473498 0.7395079594790159 0.7968197879858657 0.7452966714905933 0.7791519434628975 0.7452966714905933 0.7667844522968198 0.7467438494934877 0.765017667844523 0.7467438494934877 0.7544169611307421 0.7409551374819102 0.726148409893993 0.7351664254703328 0.7120141342756183 0.7279305354558611 0.7031802120141343 0.7192474674384949 0.696113074204947 0.7018813314037626 0.6855123674911661 0.6888567293777135 0.6802120141342756 0.6758321273516642 0.676678445229682
2 0.8162083936324168 0.676678445229682 0.808972503617945 0.6802120141342756 0.7901591895803184 0.6925795053003534 0.7800289435600579 0.7049469964664311 0.7713458755426917 0.7190812720848057 0.7655571635311144 0.7332155477031802 0.76410998552822 0.7420494699646644 0.76410998552822 0.7826855123674912 0.7655571635311144 0.7915194346289752 0.7727930535455861 0.8091872791519434 0.7814761215629522 0.823321554770318 0.7872648335745297 0.8303886925795053 0.7973950795947902 0.8392226148409894 0.808972503617945 0.8462897526501767 0.8248914616497829 0.8515901060070671 0.8465991316931982 0.8515901060070671 0.8552821997105644 0.8498233215547704 0.8596237337192475 0.8480565371024735 0.8798842257597684 0.8356890459363958 0.8842257597684515 0.8303886925795053 0.8856729377713459 0.8303886925795053 0.8885672937771346 0.8268551236749117 0.8914616497829233 0.8197879858657244 0.8958031837916064 0.8162544169611308 0.9044862518089725 0.8021201413427562 0.9088277858176556 0.7897526501766784 0.9117221418234442 0.7703180212014135 0.9117221418234442 0.7544169611307421 0.9088277858176556 0.7367491166077739 0.9059334298118669 0.726148409893993 0.9030390738060782 0.7190812720848057 0.8972503617945007 0.7084805653710248 0.8885672937771346 0.696113074204947 0.8871201157742402 0.696113074204947 0.8769898697539797 0.6855123674911661 0.8712011577424024 0.6819787985865724 0.8581765557163531 0.676678445229682 0.849493487698987 0.6749116607773852 0.8234442836468886 0.6749116607773852
