1 0.17953321364452424 0.10412147505422993 0.17235188509874327 0.10629067245119306 0.16337522441651706 0.11279826464208242 0.15439856373429084 0.12147505422993492 0.1436265709156194 0.13449023861171366 0.1400359066427289 0.14099783080260303 0.13824057450628366 0.1561822125813449 0.1400359066427289 0.18872017353579176 0.14183123877917414 0.19956616052060738 0.14542190305206462 0.20824295010845986 0.15439856373429084 0.22342733188720174 0.15798922800718132 0.22559652928416485 0.1615798922800718 0.22559652928416485 0.1651705565529623 0.2299349240780911 0.1741472172351885 0.23427331887201736 0.19389587073608616 0.23427331887201736 0.1992818671454219 0.23210412147505424 0.20646319569120286 0.22559652928416485 0.21005385996409337 0.22559652928416485 0.21364452423698385 0.22342733188720174 0.21723518850987433 0.21908893709327548 0.22262118491921004 0.20824295010845986 0.22800718132854578 0.19522776572668113 0.22980251346499103 0.18872017353579176 0.22980251346499103 0.14316702819956617 0.22800718132854578 0.13665943600867678 0.21543985637342908 0.12147505422993492 0.21005385996409337 0.11713665943600868 0.20466786355475763 0.11496746203904555 0.19569120287253142 0.10412147505422993
1 0.35547576301615796 0.1019522776572668 0.3464991023339318 0.1019522776572668 0.3393177737881508 0.10629067245119306 0.32854578096947934 0.10629067245119306 0.3213644524236984 0.10845986984815618 0.3177737881508079 0.11062906724511931 0.3105924596050269 0.1193058568329718 0.30341113105924594 0.13665943600867678 0.3016157989228007 0.14967462039045554 0.3016157989228007 0.19522776572668113 0.3052064631956912 0.20607375271149675 0.3087971274685817 0.20607375271149675 0.31956912028725315 0.21908893709327548 0.3249551166965889 0.22342733188720174 0.3357271095152603 0.2299349240780911 0.348294434470377 0.23210412147505424 0.35727109515260325 0.2299349240780911 0.36624775583482944 0.22559652928416485 0.37163375224416517 0.22125813449023862 0.38420107719928187 0.20607375271149675 0.3895870736086176 0.2039045553145336 0.39138240574506283 0.19956616052060738 0.39497307001795334 0.18004338394793926 0.39497307001795334 0.1475054229934924 0.39317773788150806 0.13882863340563992 0.3859964093357271 0.12147505422993492 0.38240574506283664 0.11496746203904555 0.3770197486535009 0.11279826464208242 0.37163375224416517 0.10845986984815618
1 0.3267504488330341 0.29067245119305857 0.3177737881508079 0.29718004338394793 0.30341113105924594 0.31453362255965295 0.3016157989228007 0.3188720173535792 0.2980251346499102 0.33405639913232105 0.2980251346499102 0.3774403470715835 0.2998204667863555 0.3839479392624729 0.3016157989228007 0.3882863340563991 0.3052064631956912 0.3926247288503254 0.3052064631956912 0.3947939262472885 0.3141831238779174 0.40563991323210413 0.31956912028725315 0.40997830802603036 0.3267504488330341 0.41431670281995664 0.35547576301615796 0.41431670281995664 0.3608617594254937 0.4121475054229935 0.36804308797127466 0.4078091106290672 0.38061041292639136 0.3947939262472885 0.3859964093357271 0.3882863340563991 0.3895870736086176 0.38177874186550975 0.39138240574506283 0.37093275488069416 0.39138240574506283 0.3405639913232104 0.3895870736086176 0.32537960954446854 0.38420107719928187 0.3123644251626898 0.3734290843806104 0.2993492407809111 0.36624775583482944 0.2950108459869848 0.35368043087971274 0.29067245119305857
1 0.5098743267504489 0.29718004338394793 0.49730700179533216 0.30151843817787416 0.4883303411131059 0.3080260303687636 0.4829443447037702 0.31453362255965295 0.48114901256732495 0.31453362255965295 0.47755834829443444 0.3188720173535792 0.4703770197486535 0.33405639913232105 0.46858168761220825 0.3405639913232104 0.466786355475763 0.35357917570498915 0.466786355475763 0.3665943600867679 0.46858168761220825 0.38177874186550975 0.473967684021544 0.3947939262472885 0.4919210053859964 0.4164859002169197 0.4955116696588869 0.41865509761388287 0.5008976660682226 0.420824295010846 0.5278276481149012 0.420824295010846 0.5368043087971275 0.41431670281995664 0.5457809694793537 0.4121475054229935 0.5547576301615799 0.403470715835141 0.5601436265709157 0.39045553145336226 0.5637342908438061 0.3752711496746204 0.5637342908438061 0.3579175704989154 0.5547576301615799 0.3383947939262473 0.5529622980251346 0.3275488069414317 0.5511669658886894 0.3232104121475054 0.547576301615799 0.3188720173535792 0.5457809694793537 0.31453362255965295 0.5457809694793537 0.31019522776572667 0.5439856373429084 0.30585683297180044 0.5403949730700179 0.30151843817787416 0.5296229802513465 0.29718004338394793
1 0.6552962298025135 0.3080260303687636 0.6499102333931778 0.31019522776572667 0.6373429084380611 0.3188720173535792 0.6283662477558348 0.3297180043383948 0.6247755834829444 0.3383947939262473 0.6211849192100538 0.35357917570498915 0.6193895870736086 0.37310195227765725 0.6193895870736086 0.3839479392624729 0.6211849192100538 0.3969631236442516 0.6229802513464991 0.40130151843817785 0.6283662477558348 0.40997830802603036 0.6355475763016158 0.41865509761388287 0.6606822262118492 0.4360086767895879 0.6786355475763016 0.4360086767895879 0.6840215439856373 0.43383947939262474 0.7001795332136446 0.4229934924078091 0.7091561938958707 0.4121475054229935 0.7127468581687613 0.40563991323210413 0.7163375224416517 0.3969631236442516 0.7163375224416517 0.3774403470715835 0.7145421903052065 0.3600867678958785 0.7109515260323159 0.3405639913232104 0.7073608617594255 0.3318872017353579 0.7019748653500898 0.3232104121475054 0.696588868940754 0.31670281995661603 0.6894075403949731 0.3123644251626898 0.6804308797127468 0.3080260303687636 0.6732495511669659 0.30585683297180044 0.6678635547576302 0.30585683297180044
1 0.829443447037702 0.4924078091106291 0.822262118491921 0.4945770065075922 0.8078994614003591 0.5032537960954447 0.8043087971274686 0.5075921908893709 0.8025134649910234 0.5075921908893709 0.800718132854578 0.5097613882863341 0.7953321364452424 0.5206073752711496 0.7881508078994613 0.5292841648590022 0.7845601436265709 0.5401301518438177 0.7827648114901257 0.5553145336225597 0.7827648114901257 0.5683297180043384 0.7845601436265709 0.5770065075921909 0.7899461400359067 0.5900216919739696 0.7953321364452424 0.5986984815618221 0.800718132854578 0.6052060737527115 0.8078994614003591 0.6117136659436009 0.8150807899461401 0.6160520607375272 0.8258527827648114 0.6203904555314533 0.8491921005385996 0.6203904555314533 0.8563734290843806 0.6182212581344902 0.8599640933572711 0.6160520607375272 0.8707360861759426 0.6030368763557483 0.8725314183123878 0.6030368763557483 0.881508078994614 0.5921908893709328 0.8850987432675045 0.5835140997830802 0.8886894075403949 0.5704989154013015 0.8886894075403949 0.5336225596529284 0.8868940754039497 0.527114967462039 0.8833034111310593 0.5184381778741866 0.8797127468581688 0.5140997830802603 0.8707360861759426 0.5097613882863341 0.8599640933572711 0.49891540130151846 0.8527827648114902 0.4945770065075922 0.8473967684021544 0.4924078091106291
1 0.6732495511669659 0.4967462039045553 0.6660682226211849 0.49891540130151846 0.651705565529623 0.5075921908893709 0.6391382405745063 0.5227765726681128 0.6337522441651705 0.5357917570498916 0.6319569120287253 0.544468546637744 0.6319569120287253 0.5726681127982647 0.6355475763016158 0.5856832971800434 0.6391382405745063 0.5943600867678959 0.6427289048473968 0.6008676789587852 0.651705565529623 0.6117136659436009 0.6570915619389587 0.6160520607375272 0.6642728904847397 0.6203904555314533 0.6714542190305206 0.6225596529284165 0.6929982046678635 0.6225596529284165 0.703770197486535 0.6182212581344902 0.7163375224416517 0.6030368763557483 0.725314183123878 0.5878524945770065 0.7289048473967684 0.579175704989154 0.7289048473967684 0.5422993492407809 0.725314183123878 0.5249457700650759 0.7235188509874326 0.5206073752711496 0.7199281867145422 0.5140997830802603 0.7163375224416517 0.5097613882863341 0.7145421903052065 0.5097613882863341 0.7091561938958707 0.5032537960954447 0.7019748653500898 0.49891540130151846 0.696588868940754 0.4967462039045553
1 0.49730700179533216 0.4945770065075922 0.4919210053859964 0.4967462039045553 0.47755834829443444 0.5054229934924078 0.46858168761220825 0.5162689804772235 0.45960502692998206 0.5336225596529284 0.45601436265709155 0.544468546637744 0.4542190305206463 0.5553145336225597 0.4542190305206463 0.5683297180043384 0.45601436265709155 0.579175704989154 0.4631956912028725 0.6008676789587852 0.473967684021544 0.613882863340564 0.48473967684021546 0.6203904555314533 0.4955116696588869 0.6247288503253796 0.5206463195691203 0.6247288503253796 0.5278276481149012 0.6225596529284165 0.5314183123877917 0.6203904555314533 0.5385996409335727 0.6117136659436009 0.5457809694793537 0.6073752711496746 0.5529622980251346 0.596529284164859 0.5565529622980251 0.5813449023861171 0.5583482944344704 0.561822125813449 0.5583482944344704 0.5574837310195228 0.5565529622980251 0.5466377440347071 0.5511669658886894 0.527114967462039 0.547576301615799 0.5184381778741866 0.5439856373429084 0.5119305856832972 0.5403949730700179 0.5075921908893709 0.5314183123877917 0.5010845986984815 0.5170556552962298 0.4945770065075922
1 0.3213644524236984 0.5075921908893709 0.30700179533213645 0.5249457700650759 0.2998204667863555 0.5401301518438177 0.296229802513465 0.5531453362255966 0.296229802513465 0.579175704989154 0.2998204667863555 0.5943600867678959 0.30341113105924594 0.6030368763557483 0.30700179533213645 0.6095444685466378 0.3177737881508079 0.6225596529284165 0.3213644524236984 0.6247288503253796 0.3267504488330341 0.6247288503253796 0.33213644524236985 0.6290672451193059 0.3393177737881508 0.631236442516269 0.362657091561939 0.631236442516269 0.3734290843806104 0.6290672451193059 0.38061041292639136 0.6268980477223427 0.3859964093357271 0.6225596529284165 0.39317773788150806 0.6203904555314533 0.39676840215439857 0.6095444685466378 0.3985637342908438 0.5986984815618221 0.400359066427289 0.5813449023861171 0.3985637342908438 0.5553145336225597 0.39676840215439857 0.5401301518438177 0.39138240574506283 0.5249457700650759 0.37881508078994613 0.5097613882863341 0.3734290843806104 0.5054229934924078 0.36983842010771995 0.5032537960954447 0.35727109515260325 0.49891540130151846 0.3393177737881508 0.49891540130151846 0.32854578096947934 0.5032537960954447
1 0.1687612208258528 0.4945770065075922 0.1561938958707361 0.49891540130151846 0.1490125673249551 0.5032537960954447 0.1436265709156194 0.5097613882863341 0.13464991023339318 0.5249457700650759 0.12926391382405744 0.5422993492407809 0.12746858168761221 0.5531453362255966 0.12746858168761221 0.5726681127982647 0.12926391382405744 0.5856832971800434 0.1310592459605027 0.5921908893709328 0.13464991023339318 0.6008676789587852 0.13644524236983843 0.6030368763557483 0.13824057450628366 0.6030368763557483 0.14542190305206462 0.613882863340564 0.15080789946140036 0.6182212581344902 0.15978456014362658 0.6225596529284165 0.16696588868940754 0.6247288503253796 0.18312387791741472 0.6268980477223427 0.19748653500897667 0.6225596529284165 0.21005385996409337 0.613882863340564 0.22082585278276481 0.6008676789587852 0.2244165170556553 0.5943600867678959 0.22980251346499103 0.579175704989154 0.23159784560143626 0.5704989154013015 0.23159784560143626 0.5531453362255966 0.22800718132854578 0.5357917570498916 0.2244165170556553 0.527114967462039 0.21005385996409337 0.5075921908893709 0.20287253141831238 0.5010845986984815 0.19210053859964094 0.4945770065075922
1 0.1867145421903052 0.6984815618221258 0.1687612208258528 0.702819956616052 0.1615798922800718 0.7071583514099783 0.1561938958707361 0.7114967462039046 0.13464991023339318 0.737527114967462 0.13285457809694792 0.7462039045553145 0.13285457809694792 0.7809110629067245 0.13464991023339318 0.789587852494577 0.14542190305206462 0.806941431670282 0.16337522441651706 0.824295010845987 0.16696588868940754 0.8264642082429501 0.17953321364452424 0.8308026030368764 0.19569120287253142 0.8308026030368764 0.20466786355475763 0.8286334056399133 0.21903052064631956 0.8199566160520607 0.22980251346499103 0.8177874186550976 0.2333931777378815 0.8156182212581344 0.23877917414721722 0.8091106290672451 0.24057450628366248 0.8026030368763557 0.24236983842010773 0.7917570498915402 0.24236983842010773 0.7570498915401301 0.23877917414721722 0.7418655097613883 0.2333931777378815 0.7288503253796096 0.22980251346499103 0.7223427331887202 0.2244165170556553 0.7158351409978309 0.21723518850987433 0.7093275488069414 0.21005385996409337 0.7049891540130152 0.19748653500897667 0.7006507592190889
1 0.34111310592459604 0.7071583514099783 0.32854578096947934 0.7114967462039046 0.3213644524236984 0.7158351409978309 0.3141831238779174 0.7223427331887202 0.3087971274685817 0.7288503253796096 0.2998204667863555 0.7462039045553145 0.296229802513465 0.7570498915401301 0.296229802513465 0.789587852494577 0.2998204667863555 0.7982646420824295 0.3016157989228007 0.8047722342733189 0.3087971274685817 0.8156182212581344 0.3177737881508079 0.8264642082429501 0.3357271095152603 0.8373101952277657 0.34290843806104127 0.8394793926247288 0.362657091561939 0.8394793926247288 0.36983842010771995 0.8373101952277657 0.38240574506283664 0.8286334056399133 0.39317773788150806 0.8156182212581344 0.39676840215439857 0.8091106290672451 0.400359066427289 0.7982646420824295 0.40754039497307004 0.789587852494577 0.40754039497307004 0.7700650759219089 0.4021543985637343 0.7635574837310195 0.400359066427289 0.7527114967462039 0.39138240574506283 0.7310195227765727 0.38061041292639136 0.7180043383947939 0.37163375224416517 0.7114967462039046 0.3608617594254937 0.7071583514099783
1 0.6804308797127468 0.7049891540130152 0.6714542190305206 0.7071583514099783 0.6642728904847397 0.7114967462039046 0.6588868940754039 0.7136659436008677 0.651705565529623 0.720173535791757 0.6463195691202872 0.7266811279826464 0.644524236983842 0.7266811279826464 0.6409335727109515 0.7310195227765727 0.6355475763016158 0.7440347071583514 0.6337522441651705 0.7505422993492408 0.6337522441651705 0.7787418655097614 0.6355475763016158 0.789587852494577 0.6409335727109515 0.8026030368763557 0.644524236983842 0.806941431670282 0.644524236983842 0.8091106290672451 0.6552962298025135 0.8199566160520607 0.6624775583482945 0.824295010845987 0.6840215439856373 0.8329718004338394 0.6929982046678635 0.8329718004338394 0.7073608617594255 0.824295010845987 0.718132854578097 0.8156182212581344 0.725314183123878 0.8091106290672451 0.7289048473967684 0.8047722342733189 0.7324955116696589 0.7982646420824295 0.7342908438061041 0.7917570498915402 0.7360861759425493 0.7657266811279827 0.7342908438061041 0.754880694143167 0.725314183123878 0.7310195227765727 0.7217235188509874 0.7245119305856833 0.7109515260323159 0.7114967462039046 0.703770197486535 0.7071583514099783 0.6947935368043088 0.7049891540130152
1 0.8384201077199281 0.6963123644251626 0.8312387791741472 0.6984815618221258 0.822262118491921 0.702819956616052 0.8132854578096947 0.7093275488069414 0.8043087971274686 0.720173535791757 0.7881508078994613 0.7418655097613883 0.7845601436265709 0.7527114967462039 0.7881508078994613 0.7570498915401301 0.7881508078994613 0.7700650759219089 0.7917414721723519 0.7809110629067245 0.800718132854578 0.7982646420824295 0.8132854578096947 0.8134490238611713 0.8276481149012568 0.8221258134490239 0.8330341113105925 0.824295010845987 0.8402154398563735 0.8264642082429501 0.8563734290843806 0.8264642082429501 0.8635547576301615 0.824295010845987 0.8779174147217235 0.8177874186550976 0.8850987432675045 0.8134490238611713 0.8886894075403949 0.8091106290672451 0.8922800718132855 0.7960954446854663 0.895870736086176 0.7722342733188721 0.895870736086176 0.7440347071583514 0.8922800718132855 0.7310195227765727 0.8886894075403949 0.7223427331887202 0.8797127468581688 0.7114967462039046 0.8689407540394973 0.702819956616052 0.8617594254937163 0.6984815618221258 0.8527827648114902 0.6963123644251626
1 0.5079533213644525 0.23080260303687636 0.5426929982046678 0.21856832971800436 0.5629443447037702 0.1556182212581345 0.5542728904847397 0.11190889370932755 0.5238779174147218 0.10665943600867679 0.4949371633752244 0.10140997830802603 0.47323159784560137 0.1276355748373102 0.47034111310592464 0.1626247288503254 0.47034111310592464 0.1958351409978308 0.47034111310592464 0.2238177874186551 0.5036265709156194 0.23080260303687636
1 0.6685996409335727 0.2238177874186551 0.69754039497307 0.22731019522776574 0.7207001795332136 0.2045770065075922 0.7308258527827648 0.1626247288503254 0.7293716337522441 0.12240780911062907 0.7091202872531419 0.10140997830802603 0.6874147217235188 0.0979175704989154 0.6555655296229802 0.10665943600867679 0.6382046678635548 0.12939262472885033 0.6266247755834828 0.1626247288503254 0.6439856373429084 0.2150759219088937
