1 0.1741472172351885 0.10845986984815618 0.1687612208258528 0.11062906724511931 0.1651705565529623 0.11279826464208242 0.15978456014362658 0.1193058568329718 0.15439856373429084 0.12147505422993492 0.14721723518850988 0.1301518438177874 0.14183123877917414 0.13882863340563992 0.13824057450628366 0.14967462039045554 0.13824057450628366 0.1540130151843818 0.1400359066427289 0.16268980477223427 0.13824057450628366 0.17787418655097614 0.1400359066427289 0.18004338394793926 0.1400359066427289 0.19522776572668113 0.1436265709156194 0.20607375271149675 0.1490125673249551 0.21691973969631237 0.1526032315978456 0.22125813449023862 0.1526032315978456 0.22342733188720174 0.15439856373429084 0.22559652928416485 0.1561938958707361 0.22559652928416485 0.15978456014362658 0.2299349240780911 0.17594254937163376 0.2386117136659436 0.18312387791741472 0.24078091106290672 0.19210053859964094 0.24078091106290672 0.19748653500897667 0.2386117136659436 0.20107719928186715 0.23644251626898047 0.21364452423698385 0.22559652928416485 0.21903052064631956 0.21908893709327548 0.2244165170556553 0.20824295010845986 0.22800718132854578 0.19956616052060738 0.22980251346499103 0.19305856832971802 0.22980251346499103 0.16919739696312364 0.22800718132854578 0.1475054229934924 0.22621184919210055 0.14099783080260303 0.22082585278276481 0.1301518438177874 0.2118491921005386 0.1193058568329718 0.19389587073608616 0.10845986984815618
1 0.34290843806104127 0.10412147505422993 0.3357271095152603 0.10845986984815618 0.3231597845601436 0.10845986984815618 0.31956912028725315 0.11062906724511931 0.3123877917414722 0.1193058568329718 0.3087971274685817 0.1279826464208243 0.3052064631956912 0.13882863340563992 0.30341113105924594 0.1475054229934924 0.3016157989228007 0.16052060737527116 0.3016157989228007 0.2039045553145336 0.3052064631956912 0.210412147505423 0.3105924596050269 0.21691973969631237 0.3105924596050269 0.21908893709327548 0.3141831238779174 0.22342733188720174 0.31956912028725315 0.22559652928416485 0.3249551166965889 0.22559652928416485 0.32854578096947934 0.2299349240780911 0.33213644524236985 0.23210412147505424 0.3375224416517056 0.23210412147505424 0.348294434470377 0.23427331887201736 0.3518850987432675 0.23644251626898047 0.37163375224416517 0.22559652928416485 0.3895870736086176 0.20607375271149675 0.39317773788150806 0.18872017353579176 0.39317773788150806 0.14533622559652928 0.39138240574506283 0.13665943600867678 0.3895870736086176 0.1301518438177874 0.3877917414721723 0.12581344902386118 0.37881508078994613 0.11496746203904555 0.36804308797127466 0.10845986984815618 0.35727109515260325 0.10412147505422993
1 0.5026929982046678 0.11062906724511931 0.4955116696588869 0.11496746203904555 0.4919210053859964 0.11496746203904555 0.48473967684021546 0.1193058568329718 0.4793536804308797 0.12581344902386118 0.4757630161579892 0.12581344902386118 0.47217235188509876 0.1301518438177874 0.4703770197486535 0.1301518438177874 0.46858168761220825 0.13232104121475055 0.46858168761220825 0.13449023861171366 0.4649910233393178 0.13882863340563992 0.4631956912028725 0.14967462039045554 0.4631956912028725 0.18004338394793926 0.4649910233393178 0.1822125813449024 0.4649910233393178 0.19739696312364424 0.47217235188509876 0.2039045553145336 0.473967684021544 0.210412147505423 0.4757630161579892 0.21258134490238612 0.49371633752244165 0.227765726681128 0.5044883303411131 0.2299349240780911 0.518850987432675 0.227765726681128 0.5224416517055656 0.227765726681128 0.5368043087971275 0.21908893709327548 0.547576301615799 0.20824295010845986 0.5565529622980251 0.2039045553145336 0.5565529622980251 0.19739696312364424 0.5601436265709157 0.18655097613882862 0.5637342908438061 0.16268980477223427 0.5637342908438061 0.15184381778741865 0.5601436265709157 0.1475054229934924 0.5601436265709157 0.14533622559652928 0.5493716337522442 0.13449023861171366 0.5493716337522442 0.13232104121475055 0.5403949730700179 0.12147505422993492 0.533213644524237 0.11496746203904555 0.5278276481149012 0.11279826464208242 0.5170556552962298 0.11062906724511931
1 0.6912028725314183 0.11496746203904555 0.6840215439856373 0.11496746203904555 0.6768402154398564 0.11713665943600868 0.6624775583482945 0.12364425162689804 0.6588868940754039 0.12581344902386118 0.6463195691202872 0.13665943600867678 0.6409335727109515 0.14316702819956617 0.6409335727109515 0.14533622559652928 0.6373429084380611 0.14967462039045554 0.6337522441651705 0.14967462039045554 0.63016157989228 0.15184381778741865 0.63016157989228 0.15835140997830802 0.6355475763016158 0.1843817787418655 0.6391382405745063 0.19522776572668113 0.644524236983842 0.19956616052060738 0.6463195691202872 0.210412147505423 0.651705565529623 0.21908893709327548 0.6588868940754039 0.227765726681128 0.6660682226211849 0.23210412147505424 0.6750448833034112 0.23427331887201736 0.6858168761220825 0.23427331887201736 0.6876122082585279 0.23210412147505424 0.7001795332136446 0.23210412147505424 0.7055655296229802 0.22559652928416485 0.7073608617594255 0.21908893709327548 0.7127468581687613 0.210412147505423 0.7235188509874326 0.19522776572668113 0.7271095152603232 0.18872017353579176 0.7289048473967684 0.1843817787418655 0.7307001795332136 0.17787418655097614 0.7307001795332136 0.14533622559652928 0.7289048473967684 0.13882863340563992 0.7271095152603232 0.13449023861171366 0.725314183123878 0.13232104121475055 0.718132854578097 0.1279826464208243 0.7055655296229802 0.12364425162689804 0.7019748653500898 0.1193058568329718 0.6983842010771992 0.11713665943600868
1 0.3339317773788151 0.29067245119305857 0.32854578096947934 0.2928416485900217 0.3177737881508079 0.2993492407809111 0.30341113105924594 0.31670281995661603 0.2998204667863555 0.32537960954446854 0.2980251346499102 0.3318872017353579 0.296229802513465 0.34490238611713664 0.296229802513465 0.3557483731019523 0.2980251346499102 0.3752711496746204 0.3016157989228007 0.39045553145336226 0.3177737881508079 0.40997830802603036 0.3249551166965889 0.41431670281995664 0.3357271095152603 0.4164859002169197 0.34470377019748655 0.4164859002169197 0.3464991023339318 0.41431670281995664 0.35727109515260325 0.41431670281995664 0.362657091561939 0.4121475054229935 0.36983842010771995 0.4078091106290672 0.38061041292639136 0.3969631236442516 0.3859964093357271 0.39045553145336226 0.39497307001795334 0.37310195227765725 0.39497307001795334 0.3644251626898048 0.39317773788150806 0.36225596529284165 0.39138240574506283 0.3492407809110629 0.39138240574506283 0.33405639913232105 0.3895870736086176 0.3275488069414317 0.38420107719928187 0.31453362255965295 0.37163375224416517 0.2993492407809111 0.36804308797127466 0.29718004338394793 0.362657091561939 0.2950108459869848 0.3464991023339318 0.29067245119305857
1 0.5296229802513465 0.29718004338394793 0.5098743267504489 0.29718004338394793 0.5026929982046678 0.2993492407809111 0.49730700179533216 0.30151843817787416 0.49371633752244165 0.3036876355748373 0.4829443447037702 0.3123644251626898 0.4757630161579892 0.3210412147505423 0.47217235188509876 0.3275488069414317 0.466786355475763 0.3405639913232104 0.4649910233393178 0.35357917570498915 0.4649910233393178 0.3752711496746204 0.466786355475763 0.3839479392624729 0.46858168761220825 0.3882863340563991 0.47755834829443444 0.403470715835141 0.4865350089766607 0.41431670281995664 0.4919210053859964 0.41865509761388287 0.4991023339317774 0.4229934924078091 0.5062836624775583 0.42516268980477223 0.518850987432675 0.42516268980477223 0.5296229802513465 0.4229934924078091 0.5403949730700179 0.41865509761388287 0.5457809694793537 0.41431670281995664 0.5565529622980251 0.40997830802603036 0.5583482944344704 0.40563991323210413 0.5637342908438061 0.38611713665943603 0.5655296229802513 0.3774403470715835 0.5655296229802513 0.3579175704989154 0.5619389587073609 0.3362255965292842 0.5565529622980251 0.32537960954446854 0.5457809694793537 0.3123644251626898 0.5439856373429084 0.30585683297180044 0.5421903052064632 0.3036876355748373
1 0.6606822262118492 0.2993492407809111 0.6588868940754039 0.30151843817787416 0.651705565529623 0.30151843817787416 0.6463195691202872 0.30585683297180044 0.6391382405745063 0.31019522776572667 0.63016157989228 0.31670281995661603 0.6247755834829444 0.3232104121475054 0.6211849192100538 0.3297180043383948 0.6157989228007181 0.34273318872017355 0.6140035906642729 0.3492407809110629 0.6122082585278277 0.3600867678958785 0.6122082585278277 0.3774403470715835 0.6140035906642729 0.3839479392624729 0.6175942549371634 0.3882863340563991 0.6175942549371634 0.3926247288503254 0.6229802513464991 0.40130151843817785 0.6391382405745063 0.4164859002169197 0.644524236983842 0.420824295010846 0.651705565529623 0.42516268980477223 0.6624775583482945 0.42950108459869846 0.6714542190305206 0.42950108459869846 0.6804308797127468 0.42733188720173537 0.6929982046678635 0.420824295010846 0.6983842010771992 0.4164859002169197 0.7073608617594255 0.40563991323210413 0.7127468581687613 0.3926247288503254 0.7145421903052065 0.38177874186550975 0.7145421903052065 0.3665943600867679 0.7109515260323159 0.3470715835140998 0.7001795332136446 0.3210412147505423 0.6912028725314183 0.31019522776572667 0.6768402154398564 0.30151843817787416 0.6660682226211849 0.2993492407809111
1 0.16337522441651706 0.4945770065075922 0.15439856373429084 0.49891540130151846 0.14542190305206462 0.5054229934924078 0.13644524236983843 0.5206073752711496 0.1310592459605027 0.5336225596529284 0.12746858168761221 0.5488069414316703 0.12746858168761221 0.579175704989154 0.1310592459605027 0.5921908893709328 0.13464991023339318 0.6008676789587852 0.1436265709156194 0.6117136659436009 0.14542190305206462 0.6117136659436009 0.15080789946140036 0.6182212581344902 0.15439856373429084 0.6203904555314533 0.16696588868940754 0.6247288503253796 0.19210053859964094 0.6247288503253796 0.19748653500897667 0.6225596529284165 0.20466786355475763 0.6182212581344902 0.21005385996409337 0.613882863340564 0.22082585278276481 0.6008676789587852 0.2244165170556553 0.5943600867678959 0.22980251346499103 0.5770065075921909 0.22980251346499103 0.5704989154013015 0.23159784560143626 0.5683297180043384 0.23159784560143626 0.5639913232104121 0.22980251346499103 0.5466377440347071 0.22800718132854578 0.5379609544468547 0.2244165170556553 0.527114967462039 0.21903052064631956 0.5184381778741866 0.20466786355475763 0.5010845986984815 0.19569120287253142 0.4945770065075922 0.1867145421903052 0.4924078091106291 0.17235188509874327 0.4924078091106291
1 0.3393177737881508 0.49891540130151846 0.32854578096947934 0.5032537960954447 0.3249551166965889 0.5054229934924078 0.3105924596050269 0.5206073752711496 0.30700179533213645 0.5314533622559653 0.2998204667863555 0.5422993492407809 0.2980251346499102 0.5488069414316703 0.2980251346499102 0.5813449023861171 0.3016157989228007 0.5943600867678959 0.3052064631956912 0.6030368763557483 0.3087971274685817 0.6095444685466378 0.3177737881508079 0.6203904555314533 0.3249551166965889 0.6247288503253796 0.3375224416517056 0.6290672451193059 0.3590664272890485 0.6290672451193059 0.37163375224416517 0.6247288503253796 0.38061041292639136 0.6160520607375272 0.3895870736086176 0.6052060737527115 0.39676840215439857 0.5900216919739696 0.3985637342908438 0.5813449023861171 0.3985637342908438 0.5683297180043384 0.39676840215439857 0.5488069414316703 0.39317773788150806 0.5336225596529284 0.3877917414721723 0.5206073752711496 0.37881508078994613 0.5097613882863341 0.3644524236983842 0.5010845986984815 0.35368043087971274 0.49891540130151846
1 0.49371633752244165 0.4945770065075922 0.48473967684021546 0.49891540130151846 0.4757630161579892 0.5054229934924078 0.4649910233393178 0.5184381778741866 0.45601436265709155 0.5379609544468547 0.4542190305206463 0.5466377440347071 0.4542190305206463 0.5553145336225597 0.4524236983842011 0.5574837310195228 0.4524236983842011 0.5639913232104121 0.4542190305206463 0.5661605206073753 0.4542190305206463 0.5748373101952278 0.45960502692998206 0.5921908893709328 0.4631956912028725 0.6008676789587852 0.47217235188509876 0.6117136659436009 0.47755834829443444 0.6160520607375272 0.49012567324955114 0.6225596529284165 0.49730700179533216 0.6247288503253796 0.5152603231597845 0.6247288503253796 0.5242369838420108 0.6225596529284165 0.5278276481149012 0.6203904555314533 0.5457809694793537 0.6052060737527115 0.5511669658886894 0.5986984815618221 0.5547576301615799 0.5900216919739696 0.5565529622980251 0.5813449023861171 0.5583482944344704 0.5661605206073753 0.5583482944344704 0.5574837310195228 0.5547576301615799 0.5379609544468547 0.5529622980251346 0.5314533622559653 0.547576301615799 0.5184381778741866 0.5439856373429084 0.5119305856832972 0.5385996409335727 0.5054229934924078 0.5206463195691203 0.4945770065075922
1 0.8330341113105925 0.4945770065075922 0.8258527827648114 0.4967462039045553 0.8186714542190305 0.5010845986984815 0.8132854578096947 0.5075921908893709 0.8078994614003591 0.5097613882863341 0.7989228007181328 0.5206073752711496 0.7953321364452424 0.527114967462039 0.7917414721723519 0.5357917570498916 0.7917414721723519 0.544468546637744 0.7881508078994613 0.5509761388286334 0.7863554757630161 0.5574837310195228 0.7863554757630161 0.5639913232104121 0.7881508078994613 0.5726681127982647 0.7899461400359067 0.5770065075921909 0.7953321364452424 0.5856832971800434 0.7953321364452424 0.5900216919739696 0.8043087971274686 0.6008676789587852 0.8114901256732495 0.613882863340564 0.8204667863554758 0.6203904555314533 0.8276481149012568 0.6225596529284165 0.8545780969479354 0.6225596529284165 0.8653500897666068 0.6160520607375272 0.8707360861759426 0.6117136659436009 0.8797127468581688 0.6030368763557483 0.8833034111310593 0.5986984815618221 0.8886894075403949 0.5856832971800434 0.8922800718132855 0.5748373101952278 0.8940754039497307 0.5661605206073753 0.8940754039497307 0.5466377440347071 0.8922800718132855 0.5357917570498916 0.8886894075403949 0.5227765726681128 0.8850987432675045 0.5162689804772235 0.8797127468581688 0.5097613882863341 0.8689407540394973 0.5075921908893709 0.8599640933572711 0.49891540130151846 0.8563734290843806 0.4967462039045553 0.8491921005385996 0.4945770065075922
1 0.17953321364452424 0.7006507592190889 0.17055655296229802 0.702819956616052 0.15978456014362658 0.7093275488069414 0.15439856373429084 0.7136659436008677 0.14183123877917414 0.7266811279826464 0.13464991023339318 0.735357917570499 0.13285457809694792 0.7396963123644251 0.13285457809694792 0.7722342733188721 0.13644524236983843 0.7874186550976139 0.1490125673249551 0.8091106290672451 0.1561938958707361 0.8177874186550976 0.16337522441651706 0.824295010845987 0.17055655296229802 0.8286334056399133 0.18312387791741472 0.8329718004338394 0.18850987432675045 0.8329718004338394 0.1992818671454219 0.8308026030368764 0.22800718132854578 0.8177874186550976 0.23159784560143626 0.8134490238611713 0.2333931777378815 0.8134490238611713 0.23518850987432674 0.8112798264642083 0.24057450628366248 0.7982646420824295 0.24236983842010773 0.7830802603036876 0.24236983842010773 0.7635574837310195 0.24057450628366248 0.7505422993492408 0.236983842010772 0.737527114967462 0.23159784560143626 0.7245119305856833 0.2244165170556553 0.7158351409978309 0.21903052064631956 0.7114967462039046 0.20825852782764812 0.7049891540130152 0.19569120287253142 0.7006507592190889
1 0.33213644524236985 0.7158351409978309 0.31597845601436264 0.7266811279826464 0.3105924596050269 0.7331887201735358 0.3052064631956912 0.7418655097613883 0.2998204667863555 0.754880694143167 0.296229802513465 0.7700650759219089 0.296229802513465 0.7874186550976139 0.2998204667863555 0.8026030368763557 0.30341113105924594 0.8112798264642083 0.3105924596050269 0.824295010845987 0.3177737881508079 0.8329718004338394 0.3267504488330341 0.8394793926247288 0.3375224416517056 0.8438177874186551 0.3608617594254937 0.8438177874186551 0.36983842010771995 0.841648590021692 0.3752244165170557 0.8394793926247288 0.3895870736086176 0.8308026030368764 0.39497307001795334 0.824295010845987 0.39676840215439857 0.8177874186550976 0.4021543985637343 0.8112798264642083 0.40394973070017953 0.806941431670282 0.40754039497307004 0.7939262472885033 0.40754039497307004 0.7700650759219089 0.400359066427289 0.7527114967462039 0.3895870736086176 0.735357917570499 0.3895870736086176 0.7331887201735358 0.37881508078994613 0.7223427331887202 0.36983842010771995 0.7158351409978309 0.362657091561939 0.7136659436008677 0.34290843806104127 0.7136659436008677
1 0.6822262118491921 0.702819956616052 0.6678635547576302 0.7071583514099783 0.6535008976660682 0.7158351409978309 0.6463195691202872 0.7223427331887202 0.6409335727109515 0.7288503253796096 0.6373429084380611 0.735357917570499 0.6355475763016158 0.7396963123644251 0.6337522441651705 0.7462039045553145 0.6319569120287253 0.7613882863340564 0.6337522441651705 0.7830802603036876 0.6391382405745063 0.8004338394793926 0.644524236983842 0.8091106290672451 0.6535008976660682 0.8177874186550976 0.6642728904847397 0.824295010845987 0.6768402154398564 0.8286334056399133 0.696588868940754 0.8286334056399133 0.703770197486535 0.824295010845987 0.7145421903052065 0.8156182212581344 0.7217235188509874 0.8091106290672451 0.7307001795332136 0.7982646420824295 0.7324955116696589 0.7939262472885033 0.7342908438061041 0.7874186550976139 0.7342908438061041 0.7613882863340564 0.725314183123878 0.7331887201735358 0.7217235188509874 0.7245119305856833 0.718132854578097 0.7180043383947939 0.7145421903052065 0.7136659436008677 0.7091561938958707 0.7093275488069414 0.7019748653500898 0.7049891540130152 0.696588868940754 0.702819956616052
1 0.8366247755834829 0.6963123644251626 0.8258527827648114 0.7006507592190889 0.8150807899461401 0.7071583514099783 0.8043087971274686 0.720173535791757 0.7953321364452424 0.7331887201735358 0.7953321364452424 0.737527114967462 0.7917414721723519 0.7418655097613883 0.7899461400359067 0.7505422993492408 0.7917414721723519 0.7722342733188721 0.7953321364452424 0.7874186550976139 0.800718132854578 0.7982646420824295 0.8114901256732495 0.8112798264642083 0.8168761220825853 0.8156182212581344 0.8312387791741472 0.824295010845987 0.8402154398563735 0.8264642082429501 0.8545780969479354 0.8264642082429501 0.8617594254937163 0.824295010845987 0.8707360861759426 0.8199566160520607 0.881508078994614 0.8134490238611713 0.8868940754039497 0.806941431670282 0.8904847396768402 0.8004338394793926 0.8922800718132855 0.7939262472885033 0.895870736086176 0.7700650759219089 0.895870736086176 0.7570498915401301 0.8940754039497307 0.7440347071583514 0.8922800718132855 0.735357917570499 0.8886894075403949 0.7223427331887202 0.8797127468581688 0.7114967462039046 0.8689407540394973 0.7049891540130152 0.8491921005385996 0.6963123644251626
