1 0.8204667863554758 0.4945770065075922 0.8061041292639138 0.5032537960954447 0.7971274685816876 0.5140997830802603 0.7953321364452424 0.5206073752711496 0.7899461400359067 0.527114967462039 0.7863554757630161 0.5357917570498916 0.7845601436265709 0.5422993492407809 0.7809694793536804 0.561822125813449 0.7845601436265709 0.5683297180043384 0.7845601436265709 0.5748373101952278 0.7917414721723519 0.5878524945770065 0.8025134649910234 0.6030368763557483 0.8061041292639138 0.6073752711496746 0.8078994614003591 0.6073752711496746 0.8132854578096947 0.613882863340564 0.8168761220825853 0.6160520607375272 0.8276481149012568 0.6203904555314533 0.8545780969479354 0.6203904555314533 0.8617594254937163 0.6160520607375272 0.8707360861759426 0.6073752711496746 0.8850987432675045 0.5900216919739696 0.8886894075403949 0.5813449023861171 0.8940754039497307 0.5574837310195228 0.8940754039497307 0.5466377440347071 0.8922800718132855 0.5357917570498916 0.8904847396768402 0.5292841648590022 0.8850987432675045 0.5162689804772235 0.8797127468581688 0.5097613882863341 0.8707360861759426 0.5054229934924078 0.8617594254937163 0.4967462039045553 0.8581687612208259 0.4945770065075922 0.8509874326750448 0.4924078091106291 0.8276481149012568 0.4924078091106291
1 0.6822262118491921 0.7049891540130152 0.6732495511669659 0.7071583514099783 0.6624775583482945 0.7114967462039046 0.6588868940754039 0.7136659436008677 0.644524236983842 0.7266811279826464 0.6391382405745063 0.735357917570499 0.6337522441651705 0.7483731019522777 0.6319569120287253 0.7592190889370932 0.6319569120287253 0.7635574837310195 0.6337522441651705 0.7809110629067245 0.6355475763016158 0.789587852494577 0.6391382405745063 0.7982646420824295 0.6427289048473968 0.8047722342733189 0.6552962298025135 0.8199566160520607 0.6606822262118492 0.824295010845987 0.6714542190305206 0.8286334056399133 0.6786355475763016 0.8308026030368764 0.696588868940754 0.8308026030368764 0.7019748653500898 0.8286334056399133 0.7163375224416517 0.8199566160520607 0.7307001795332136 0.8026030368763557 0.7324955116696589 0.7982646420824295 0.7342908438061041 0.7917570498915402 0.7342908438061041 0.7570498915401301 0.7289048473967684 0.7396963123644251 0.7199281867145422 0.7223427331887202 0.7127468581687613 0.7136659436008677 0.7019748653500898 0.7071583514099783 0.6947935368043088 0.7049891540130152
1 0.3249551166965889 0.7266811279826464 0.31597845601436264 0.737527114967462 0.3105924596050269 0.7505422993492408 0.3016157989228007 0.7830802603036876 0.3016157989228007 0.7960954446854663 0.3052064631956912 0.8134490238611713 0.3087971274685817 0.8221258134490239 0.31956912028725315 0.8351409978308026 0.32854578096947934 0.841648590021692 0.3339317773788151 0.8438177874186551 0.34290843806104127 0.8438177874186551 0.35727109515260325 0.841648590021692 0.3752244165170557 0.8373101952277657 0.39138240574506283 0.8308026030368764 0.400359066427289 0.8199566160520607 0.40394973070017953 0.8134490238611713 0.40933572710951527 0.7960954446854663 0.40933572710951527 0.7787418655097614 0.40754039497307004 0.7700650759219089 0.400359066427289 0.7505422993492408 0.3859964093357271 0.7331887201735358 0.3770197486535009 0.7245119305856833 0.37163375224416517 0.7223427331887202 0.3644524236983842 0.720173535791757 0.3375224416517056 0.720173535791757 0.33213644524236985 0.7223427331887202
1 0.14721723518850988 0.7288503253796096 0.1436265709156194 0.7396963123644251 0.14183123877917414 0.7505422993492408 0.1400359066427289 0.7700650759219089 0.1400359066427289 0.789587852494577 0.1436265709156194 0.8026030368763557 0.14542190305206462 0.806941431670282 0.15439856373429084 0.8177874186550976 0.1615798922800718 0.824295010845987 0.17594254937163376 0.8329718004338394 0.18312387791741472 0.8351409978308026 0.19030520646319568 0.8351409978308026 0.1992818671454219 0.8329718004338394 0.23518850987432674 0.8177874186550976 0.23877917414721722 0.8134490238611713 0.24057450628366248 0.8091106290672451 0.24236983842010773 0.8004338394793926 0.24236983842010773 0.7613882863340564 0.24057450628366248 0.7505422993492408 0.236983842010772 0.7396963123644251 0.2333931777378815 0.7310195227765727 0.22262118491921004 0.7180043383947939 0.21723518850987433 0.7136659436008677 0.20466786355475763 0.7071583514099783 0.19748653500897667 0.7049891540130152 0.17953321364452424 0.7049891540130152 0.17055655296229802 0.7071583514099783 0.16337522441651706 0.7114967462039046 0.15798922800718132 0.7158351409978309
1 0.1741472172351885 0.5010845986984815 0.16337522441651706 0.5054229934924078 0.1526032315978456 0.5119305856832972 0.14721723518850988 0.5162689804772235 0.14183123877917414 0.5227765726681128 0.13824057450628366 0.5292841648590022 0.1310592459605027 0.5466377440347071 0.12926391382405744 0.5531453362255966 0.12926391382405744 0.5813449023861171 0.13464991023339318 0.5878524945770065 0.13644524236983843 0.5921908893709328 0.13644524236983843 0.596529284164859 0.13824057450628366 0.6008676789587852 0.1436265709156194 0.6073752711496746 0.1436265709156194 0.6117136659436009 0.14721723518850988 0.6182212581344902 0.1526032315978456 0.6247288503253796 0.1561938958707361 0.6268980477223427 0.16337522441651706 0.6290672451193059 0.1741472172351885 0.631236442516269 0.18850987432675045 0.631236442516269 0.19569120287253142 0.6290672451193059 0.21005385996409337 0.6203904555314533 0.21903052064631956 0.6095444685466378 0.2244165170556553 0.6008676789587852 0.23159784560143626 0.5813449023861171 0.2333931777378815 0.5704989154013015 0.2333931777378815 0.561822125813449 0.22980251346499103 0.5466377440347071 0.22621184919210055 0.5379609544468547 0.21723518850987433 0.5249457700650759 0.20825852782764812 0.5140997830802603 0.19748653500897667 0.5054229934924078 0.19210053859964094 0.5032537960954447 0.18312387791741472 0.5010845986984815
1 0.4955116696588869 0.4945770065075922 0.48473967684021546 0.49891540130151846 0.47755834829443444 0.5032537960954447 0.4649910233393178 0.5184381778741866 0.4614003590664273 0.5249457700650759 0.45960502692998206 0.5292841648590022 0.45601436265709155 0.5422993492407809 0.4542190305206463 0.5553145336225597 0.4542190305206463 0.5661605206073753 0.45601436265709155 0.579175704989154 0.45960502692998206 0.5921908893709328 0.4631956912028725 0.6008676789587852 0.46858168761220825 0.6095444685466378 0.4757630161579892 0.6160520607375272 0.4793536804308797 0.6182212581344902 0.4955116696588869 0.6247288503253796 0.5044883303411131 0.6247288503253796 0.5062836624775583 0.6268980477223427 0.5134649910233393 0.6268980477223427 0.5152603231597845 0.6247288503253796 0.5242369838420108 0.6247288503253796 0.5296229802513465 0.6225596529284165 0.5421903052064632 0.6117136659436009 0.5529622980251346 0.5986984815618221 0.5565529622980251 0.5878524945770065 0.5583482944344704 0.5770065075921909 0.5583482944344704 0.5488069414316703 0.5547576301615799 0.5292841648590022 0.5511669658886894 0.5206073752711496 0.5457809694793537 0.5140997830802603 0.5457809694793537 0.5119305856832972 0.5421903052064632 0.5075921908893709 0.5296229802513465 0.49891540130151846 0.518850987432675 0.4945770065075922
1 0.4793536804308797 0.31670281995661603 0.4757630161579892 0.3210412147505423 0.46858168761220825 0.33405639913232105 0.4649910233393178 0.34490238611713664 0.4649910233393178 0.3839479392624729 0.466786355475763 0.39045553145336226 0.4757630161579892 0.40563991323210413 0.4829443447037702 0.41431670281995664 0.4919210053859964 0.4229934924078091 0.5008976660682226 0.42950108459869846 0.5080789946140036 0.4316702819956616 0.5242369838420108 0.4316702819956616 0.533213644524237 0.42950108459869846 0.5368043087971275 0.42516268980477223 0.5421903052064632 0.4229934924078091 0.5511669658886894 0.420824295010846 0.5547576301615799 0.4229934924078091 0.5547576301615799 0.4164859002169197 0.5601436265709157 0.40130151843817785 0.5673249551166966 0.368763557483731 0.5673249551166966 0.3557483731019523 0.5655296229802513 0.34273318872017355 0.5637342908438061 0.3362255965292842 0.5583482944344704 0.3232104121475054 0.547576301615799 0.31019522776572667 0.533213644524237 0.30151843817787416 0.5278276481149012 0.2993492407809111 0.5098743267504489 0.2993492407809111 0.5026929982046678 0.30151843817787416 0.49730700179533216 0.3036876355748373 0.49012567324955114 0.3080260303687636
1 0.6570915619389587 0.30151843817787416 0.651705565529623 0.3036876355748373 0.6355475763016158 0.3123644251626898 0.63016157989228 0.31670281995661603 0.6211849192100538 0.3275488069414317 0.6140035906642729 0.34490238611713664 0.6122082585278277 0.3579175704989154 0.6122082585278277 0.3774403470715835 0.6140035906642729 0.39045553145336226 0.6193895870736086 0.40130151843817785 0.6265709156193896 0.4121475054229935 0.6283662477558348 0.4121475054229935 0.6319569120287253 0.4164859002169197 0.6463195691202872 0.42516268980477223 0.6606822262118492 0.4316702819956616 0.6714542190305206 0.4316702819956616 0.6840215439856373 0.42733188720173537 0.6947935368043088 0.420824295010846 0.7001795332136446 0.4164859002169197 0.7091561938958707 0.40563991323210413 0.7127468581687613 0.3969631236442516 0.7163375224416517 0.38177874186550975 0.7163375224416517 0.3557483731019523 0.7127468581687613 0.34273318872017355 0.7091561938958707 0.33405639913232105 0.703770197486535 0.3275488069414317 0.7019748653500898 0.3210412147505423 0.6947935368043088 0.3123644251626898 0.6840215439856373 0.30585683297180044 0.6714542190305206 0.30151843817787416
1 0.7073608617594255 0.1193058568329718 0.7019748653500898 0.11713665943600868 0.6929982046678635 0.11496746203904555 0.6894075403949731 0.11496746203904555 0.6804308797127468 0.11713665943600868 0.6606822262118492 0.12364425162689804 0.6570915619389587 0.12581344902386118 0.6499102333931778 0.13232104121475055 0.6319569120287253 0.1540130151843818 0.63016157989228 0.15835140997830802 0.63016157989228 0.18004338394793926 0.6319569120287253 0.19088937093275488 0.6409335727109515 0.20824295010845986 0.6552962298025135 0.227765726681128 0.6570915619389587 0.227765726681128 0.6606822262118492 0.23210412147505424 0.6642728904847397 0.23427331887201736 0.6912028725314183 0.23427331887201736 0.7019748653500898 0.23210412147505424 0.7073608617594255 0.22559652928416485 0.7235188509874326 0.2017353579175705 0.7289048473967684 0.19305856832971802 0.7324955116696589 0.1843817787418655 0.7342908438061041 0.175704989154013 0.7342908438061041 0.15184381778741865 0.7324955116696589 0.14533622559652928 0.7289048473967684 0.13665943600867678 0.725314183123878 0.13232104121475055
1 0.4883303411131059 0.1193058568329718 0.48473967684021546 0.12147505422993492 0.48114901256732495 0.12581344902386118 0.4757630161579892 0.1279826464208243 0.473967684021544 0.1301518438177874 0.47217235188509876 0.13449023861171366 0.466786355475763 0.1540130151843818 0.466786355475763 0.2039045553145336 0.46858168761220825 0.20824295010845986 0.48114901256732495 0.22342733188720174 0.4865350089766607 0.227765726681128 0.4955116696588869 0.23210412147505424 0.5044883303411131 0.23427331887201736 0.5152603231597845 0.23427331887201736 0.5242369838420108 0.23210412147505424 0.5296229802513465 0.2299349240780911 0.5439856373429084 0.22125813449023862 0.5493716337522442 0.21475054229934923 0.5511669658886894 0.210412147505423 0.5529622980251346 0.19956616052060738 0.5529622980251346 0.16919739696312364 0.5511669658886894 0.1475054229934924 0.5493716337522442 0.13882863340563992 0.547576301615799 0.13449023861171366 0.5385996409335727 0.12364425162689804 0.5296229802513465 0.1193058568329718 0.5170556552962298 0.11713665943600868 0.49371633752244165 0.11713665943600868
