2 0.6468885672937771 0.04946996466431095 0.6338639652677279 0.054770318021201414 0.6164978292329957 0.06713780918727916 0.6063675832127352 0.07950530035335689 0.6020260492040521 0.08657243816254417 0.5962373371924746 0.10070671378091872 0.5904486251808972 0.12014134275618374 0.5904486251808972 0.13074204946996468 0.5918958031837916 0.13250883392226148 0.5918958031837916 0.14487632508833923 0.5933429811866859 0.15901060070671377 0.597684515195369 0.17137809187279152 0.6063675832127352 0.1872791519434629 0.6164978292329957 0.20318021201413428 0.6237337192474675 0.21201413427561838 0.638205499276411 0.2226148409893993 0.6555716353111433 0.2314487632508834 0.6816208393632417 0.2314487632508834 0.6931982633863966 0.22791519434628976 0.7091172214182344 0.21731448763250882 0.7178002894356006 0.20848056537102475 0.7308248914616498 0.19257950530035337 0.7322720694645442 0.18904593639575973 0.7337192474674384 0.18021201413427562 0.7366136034732272 0.17137809187279152 0.7395079594790159 0.16784452296819788 0.7409551374819102 0.16431095406360424 0.743849493487699 0.1519434628975265 0.743849493487699 0.1254416961130742 0.7409551374819102 0.11307420494699646 0.7308248914616498 0.09010600706713781 0.7206946454413893 0.07597173144876325 0.7120115774240231 0.06713780918727916 0.7047756874095513 0.061837455830388695 0.6989869753979739 0.06007067137809187 0.6960926193921853 0.05653710247349823 0.6903039073806078 0.053003533568904596 0.6729377713458755 0.04770318021201413 0.6570188133140377 0.04770318021201413
2 0.8321273516642547 0.045936395759717315 0.8234442836468886 0.04770318021201413 0.8075253256150506 0.054770318021201414 0.7930535455861071 0.0636042402826855 0.7829232995658466 0.07420494699646643 0.7829232995658466 0.07597173144876325 0.7771345875542692 0.08303886925795052 0.7727930535455861 0.09010600706713781 0.768451519536903 0.10070671378091872 0.7655571635311144 0.11130742049469965 0.76410998552822 0.1254416961130742 0.76410998552822 0.13780918727915195 0.7655571635311144 0.14840989399293286 0.7698986975397974 0.16607773851590105 0.7814761215629522 0.19257950530035337 0.788712011577424 0.2049469964664311 0.7930535455861071 0.21024734982332155 0.8031837916063675 0.21908127208480566 0.8191027496382055 0.22791519434628976 0.8263386396526773 0.22968197879858657 0.8422575976845152 0.22968197879858657 0.85383502170767 0.22791519434628976 0.8683068017366136 0.2226148409893993 0.8813314037626628 0.21554770318021202 0.8986975397973951 0.1978798586572438 0.9044862518089725 0.18904593639575973 0.9088277858176556 0.1784452296819788 0.9117221418234442 0.16784452296819788 0.9131693198263386 0.15724381625441697 0.9131693198263386 0.13604240282685512 0.91027496382055 0.11837455830388692 0.9059334298118669 0.10247349823321555 0.9044862518089725 0.0989399293286219 0.9015918958031838 0.09540636042402827 0.9015918958031838 0.09187279151943463 0.8842257597684515 0.06890459363957598 0.8784370477568741 0.0636042402826855 0.8639652677279306 0.054770318021201414 0.849493487698987 0.04770318021201413 0.8408104196816208 0.04770318021201413 0.8393632416787264 0.045936395759717315
2 0.1389290882778582 0.2667844522968198 0.12301013024602026 0.2756183745583039 0.1085383502170767 0.28975265017667845 0.10130246020260492 0.3003533568904594 0.09696092619392185 0.31095406360424027 0.09261939218523878 0.32685512367491165 0.09117221418234443 0.3392226148409894 0.09117221418234443 0.3621908127208481 0.09406657018813314 0.37809187279151946 0.10274963820549927 0.4010600706713781 0.10709117221418235 0.4081272084805654 0.11143270622286541 0.4134275618374558 0.11287988422575977 0.4134275618374558 0.11866859623733719 0.4204946996466431 0.12445730824891461 0.42579505300353354 0.1345875542691751 0.43286219081272087 0.15050651230101303 0.43992932862190814 0.16063675832127353 0.4416961130742049 0.18234442836468887 0.4416961130742049 0.1939218523878437 0.4381625441696113 0.21128798842257598 0.4275618374558304 0.21562952243125905 0.42402826855123676 0.2199710564399421 0.41872791519434627 0.22431259044862517 0.4169611307420495 0.23154848046309695 0.4081272084805654 0.24167872648335745 0.3869257950530035 0.24167872648335745 0.3833922261484099 0.2460202604920405 0.37809187279151946 0.2460202604920405 0.37279151943462896 0.24891461649782923 0.3674911660777385 0.24891461649782923 0.3392226148409894 0.24457308248914617 0.32332155477031804 0.23733719247467439 0.303886925795053 0.23299565846599132 0.2968197879858657 0.22865412445730826 0.2915194346289753 0.2272069464544139 0.2915194346289753 0.2199710564399421 0.284452296819788 0.21128798842257598 0.27385159010600707 0.2040520984081042 0.2703180212014134 0.19971056439942114 0.2703180212014134 0.19536903039073805 0.2667844522968198 0.1808972503617945 0.26325088339222613 0.1548480463096961 0.26325088339222613
2 0.3096960926193922 0.26325088339222613 0.3053545586107091 0.26501766784452296 0.2981186685962373 0.2703180212014134 0.2937771345875543 0.2703180212014134 0.2865412445730825 0.2756183745583039 0.2735166425470333 0.28975265017667845 0.26772793053545585 0.29858657243816256 0.26049204052098407 0.31625441696113077 0.2575976845151954 0.3303886925795053 0.2575976845151954 0.3568904593639576 0.2590448625180897 0.3674911660777385 0.26483357452966716 0.3833922261484099 0.26483357452966716 0.38869257950530034 0.2691751085383502 0.39752650176678445 0.29088277858176553 0.42579505300353354 0.3125904486251809 0.4381625441696113 0.3227206946454414 0.4416961130742049 0.3429811866859624 0.4416961130742049 0.35311143270622286 0.4381625441696113 0.3719247467438495 0.4275618374558304 0.37626628075253254 0.42226148409893993 0.3835021707670043 0.41872791519434627 0.3921852387843705 0.4098939929328622 0.4037626628075253 0.3957597173144876 0.40955137481910275 0.37985865724381623 0.41244573082489144 0.36395759717314485 0.41244573082489144 0.34275618374558303 0.40955137481910275 0.32685512367491165 0.40520984081041966 0.31448763250883394 0.3950795947901592 0.2968197879858657 0.3849493487698987 0.284452296819788 0.36903039073806077 0.27208480565371024 0.35021707670043417 0.26325088339222613 0.3386396526772793 0.26148409893992935 0.31693198263386396 0.26148409893992935
2 0.47756874095513746 0.26325088339222613 0.45875542691751087 0.27208480565371024 0.447178002894356 0.2826855123674912 0.4370477568740955 0.2968197879858657 0.426917510853835 0.31625441696113077 0.42547033285094066 0.3215547703180212 0.4240231548480463 0.3339222614840989 0.4240231548480463 0.3568904593639576 0.42547033285094066 0.36925795053003535 0.4283646888567294 0.37985865724381623 0.4312590448625181 0.3869257950530035 0.4442836468885673 0.4098939929328622 0.45296671490593343 0.42226148409893993 0.46599131693198265 0.43286219081272087 0.46888567293777134 0.43286219081272087 0.4717800289435601 0.4363957597173145 0.47901591895803186 0.43992932862190814 0.4963820549927641 0.44346289752650175 0.5180897250361794 0.4416961130742049 0.5238784370477568 0.43992932862190814 0.5296671490593343 0.4363957597173145 0.5369030390738061 0.4293286219081272 0.5397973950795948 0.4293286219081272 0.5441389290882779 0.42579505300353354 0.5513748191027497 0.4169611307420495 0.5557163531114327 0.41519434628975266 0.5643994211287988 0.4010600706713781 0.5701881331403763 0.3957597173144876 0.573082489146165 0.38869257950530034 0.573082489146165 0.38515901060070673 0.5759768451519537 0.37985865724381623 0.5788712011577424 0.3833922261484099 0.5788712011577424 0.4010600706713781 0.5803183791606368 0.39752650176678445 0.5803183791606368 0.3833922261484099 0.5774240231548481 0.37985865724381623 0.5774240231548481 0.3763250883392226 0.5803183791606368 0.36925795053003535 0.5803183791606368 0.3480565371024735 0.5788712011577424 0.3374558303886926 0.5716353111432706 0.31625441696113077 0.5658465991316932 0.30565371024734983 0.5615050651230101 0.3003533568904594 0.5586107091172214 0.29328621908127206 0.5557163531114327 0.28975265017667845 0.5542691751085383 0.28975265017667845 0.548480463096961 0.284452296819788 0.5412445730824892 0.2756183745583039 0.5354558610709117 0.27208480565371024 0.5282199710564399 0.2703180212014134 0.5209840810419681 0.26501766784452296 0.5094066570188133 0.26148409893992935 0.48480463096960924 0.26148409893992935
2 0.6526772793053546 0.2579505300353357 0.6367583212735166 0.26325088339222613 0.6338639652677279 0.26501766784452296 0.6295224312590448 0.2703180212014134 0.622286541244573 0.27385159010600707 0.6121562952243126 0.2862190812720848 0.6063675832127352 0.2950530035335689 0.6020260492040521 0.303886925795053 0.5962373371924746 0.3215547703180212 0.5947901591895803 0.3303886925795053 0.5947901591895803 0.35335689045936397 0.597684515195369 0.3710247349823322 0.6005788712011577 0.37985865724381623 0.6063675832127352 0.38869257950530034 0.6107091172214182 0.4010600706713781 0.6164978292329957 0.411660777385159 0.6237337192474675 0.4204946996466431 0.6280752532561505 0.42402826855123676 0.6454413892908828 0.43462897526501765 0.6555716353111433 0.4381625441696113 0.6772793053545586 0.4381625441696113 0.683068017366136 0.4363957597173145 0.6874095513748191 0.43286219081272087 0.6917510853835022 0.43286219081272087 0.7018813314037626 0.4275618374558304 0.7062228654124457 0.42226148409893993 0.7134587554269175 0.41872791519434627 0.7351664254703328 0.392226148409894 0.7395079594790159 0.37985865724381623 0.743849493487699 0.3621908127208481 0.7452966714905933 0.3409893992932862 0.743849493487699 0.3286219081272085 0.7395079594790159 0.31095406360424027 0.7351664254703328 0.3003533568904594 0.7192474674384949 0.28091872791519434 0.7091172214182344 0.27208480565371024 0.7062228654124457 0.2703180212014134 0.703328509406657 0.2703180212014134 0.6960926193921853 0.26325088339222613 0.6801736613603473 0.2579505300353357
2 0.8248914616497829 0.254416961130742 0.8118668596237337 0.2579505300353357 0.804630969609262 0.26148409893992935 0.7930535455861071 0.2703180212014134 0.7756874095513748 0.2915194346289753 0.7698986975397974 0.30565371024734983 0.7655571635311144 0.3250883392226148 0.7655571635311144 0.3568904593639576 0.7698986975397974 0.3763250883392226 0.7814761215629522 0.4028268551236749 0.7973950795947902 0.42226148409893993 0.8133140376266281 0.43109540636042404 0.8234442836468886 0.43462897526501765 0.8451519536903039 0.43462897526501765 0.8567293777134588 0.43109540636042404 0.874095513748191 0.42226148409893993 0.8784370477568741 0.41872791519434627 0.8827785817655571 0.4134275618374558 0.8914616497829233 0.4081272084805654 0.9015918958031838 0.39752650176678445 0.9030390738060782 0.392226148409894 0.9073806078147613 0.3869257950530035 0.9117221418234442 0.3745583038869258 0.914616497829233 0.3621908127208481 0.914616497829233 0.3303886925795053 0.9131693198263386 0.3215547703180212 0.9088277858176556 0.30565371024734983 0.9059334298118669 0.29858657243816256 0.9015918958031838 0.2915194346289753 0.8885672937771346 0.2756183745583039 0.8769898697539797 0.2667844522968198 0.8625180897250362 0.2579505300353357 0.849493487698987 0.254416961130742
2 0.10130246020260492 0.5070671378091873 0.09261939218523878 0.5247349823321554 0.08972503617945007 0.5335689045936396 0.08827785817655572 0.5406360424028268 0.08683068017366136 0.5636042402826855 0.08827785817655572 0.5777385159010601 0.09261939218523878 0.5954063604240283 0.10130246020260492 0.6130742049469965 0.11143270622286541 0.6254416961130742 0.12445730824891461 0.6360424028268551 0.13603473227206947 0.6431095406360424 0.15195369030390737 0.6484098939929329 0.17800289435600578 0.6484098939929329 0.19971056439942114 0.6413427561837456 0.2141823444283647 0.6342756183745583 0.2272069464544139 0.6236749116607774 0.23299565846599132 0.6166077738515902 0.23733719247467439 0.6024734982332155 0.2402315484804631 0.598939929328622 0.24457308248914617 0.588339222614841 0.24746743849493488 0.5724381625441696 0.24746743849493488 0.5477031802120141 0.24457308248914617 0.5335689045936396 0.23444283646888567 0.5106007067137809 0.22575976845151954 0.5 0.2170767004341534 0.4911660777385159 0.2040520984081042 0.4823321554770318 0.18234442836468887 0.4752650176678445 0.1736613603473227 0.4734982332155477 0.15050651230101303 0.4734982332155477 0.13748191027496381 0.47703180212014135 0.11866859623733719 0.4876325088339223 0.10998552821997105 0.49823321554770317 0.1085383502170767 0.49823321554770317
2 0.3111432706222865 0.4734982332155477 0.29088277858176553 0.4840989399293286 0.28509406657018815 0.48939929328621906 0.2691751085383502 0.508833922261484 0.2662807525325615 0.5141342756183745 0.2619392185238784 0.5265017667844523 0.2590448625180897 0.5371024734982333 0.2575976845151954 0.5459363957597173 0.2575976845151954 0.5759717314487632 0.2590448625180897 0.5848056537102474 0.2633863965267728 0.598939929328622 0.26772793053545585 0.607773851590106 0.29088277858176553 0.6360424028268551 0.2981186685962373 0.6413427561837456 0.30824891461649784 0.6466431095406361 0.32416787264833574 0.6519434628975265 0.34008683068017365 0.6519434628975265 0.34876989869753977 0.6501766784452296 0.35745296671490595 0.6466431095406361 0.361794500723589 0.6413427561837456 0.3719247467438495 0.6360424028268551 0.3791606367583213 0.6342756183745583 0.3849493487698987 0.6307420494699647 0.402315484804631 0.6095406360424028 0.40955137481910275 0.5936395759717314 0.41244573082489144 0.5812720848056537 0.41389290882778584 0.5671378091872792 0.41389290882778584 0.558303886925795 0.41244573082489144 0.5459363957597173 0.40955137481910275 0.5335689045936396 0.40086830680173663 0.5141342756183745 0.3950795947901592 0.5070671378091873 0.3950795947901592 0.5053003533568905 0.3907380607814761 0.5 0.38205499276411 0.4911660777385159 0.3748191027496382 0.48586572438162545 0.36034732272069464 0.4787985865724382 0.35600578871201155 0.4787985865724382 0.3516642547033285 0.4752650176678445 0.3386396526772793 0.4717314487632509 0.3183791606367583 0.4717314487632509
2 0.48480463096960924 0.46996466431095407 0.47467438494934877 0.4734982332155477 0.4602026049204052 0.4823321554770318 0.4558610709117221 0.48586572438162545 0.44573082489146165 0.49646643109540634 0.4370477568740955 0.5106007067137809 0.43270622286541244 0.519434628975265 0.42981186685962375 0.5282685512367491 0.426917510853835 0.5441696113074205 0.426917510853835 0.5600706713780919 0.4283646888567294 0.5724381625441696 0.4312590448625181 0.588339222614841 0.4370477568740955 0.6024734982332155 0.4515195369030391 0.6236749116607774 0.46164978292329956 0.6342756183745583 0.4732272069464544 0.6413427561837456 0.48625180897250364 0.6466431095406361 0.5137481910274964 0.6466431095406361 0.5267727930535456 0.6413427561837456 0.5426917510853835 0.6325088339222615 0.557163531114327 0.6201413427561837 0.5716353111432706 0.6042402826855123 0.5759768451519537 0.5954063604240283 0.5788712011577424 0.5848056537102474 0.5803183791606368 0.5759717314487632 0.5803183791606368 0.5406360424028268 0.5774240231548481 0.5247349823321554 0.5701881331403763 0.508833922261484 0.5643994211287988 0.5 0.5557163531114327 0.48939929328621906 0.5513748191027497 0.48586572438162545 0.5354558610709117 0.47703180212014135 0.5151953690303908 0.46996466431095407 0.5065123010130246 0.46819787985865724 0.4992764109985528 0.46819787985865724
2 0.6642547033285094 0.4664310954063604 0.6526772793053546 0.46819787985865724 0.6338639652677279 0.4752650176678445 0.6208393632416788 0.48586572438162545 0.6078147612156295 0.5017667844522968 0.6020260492040521 0.5123674911660777 0.5962373371924746 0.5282685512367491 0.5947901591895803 0.5406360424028268 0.5947901591895803 0.5636042402826855 0.5962373371924746 0.5777385159010601 0.6020260492040521 0.5936395759717314 0.6078147612156295 0.6024734982332155 0.6107091172214182 0.6113074204946997 0.613603473227207 0.6166077738515902 0.622286541244573 0.6289752650176679 0.6266280752532561 0.6307420494699647 0.6295224312590448 0.6342756183745583 0.6410998552821997 0.6413427561837456 0.6555716353111433 0.6466431095406361 0.6758321273516642 0.6466431095406361 0.6903039073806078 0.6413427561837456 0.7018813314037626 0.6342756183745583 0.7134587554269175 0.6236749116607774 0.7264833574529667 0.607773851590106 0.7337192474674384 0.5971731448763251 0.7351664254703328 0.5918727915194346 0.7395079594790159 0.588339222614841 0.7409551374819102 0.5848056537102474 0.7409551374819102 0.5812720848056537 0.7452966714905933 0.5724381625441696 0.7467438494934877 0.5653710247349824 0.7467438494934877 0.5441696113074205 0.7452966714905933 0.5353356890459364 0.7409551374819102 0.519434628975265 0.7337192474674384 0.5035335689045937 0.7250361794500724 0.4929328621908127 0.7178002894356006 0.48586572438162545 0.7018813314037626 0.4752650176678445 0.6931982633863966 0.4717314487632509 0.6743849493487699 0.4664310954063604
2 0.829232995658466 0.46466431095406363 0.8191027496382055 0.4664310954063604 0.8060781476121563 0.4717314487632509 0.7973950795947902 0.47703180212014135 0.788712011577424 0.4840989399293286 0.7800289435600579 0.49469964664310956 0.7727930535455861 0.5070671378091873 0.768451519536903 0.5176678445229682 0.7655571635311144 0.5282685512367491 0.76410998552822 0.5371024734982333 0.76410998552822 0.568904593639576 0.768451519536903 0.5848056537102474 0.7800289435600579 0.6113074204946997 0.784370477568741 0.6183745583038869 0.788712011577424 0.6236749116607774 0.7901591895803184 0.6236749116607774 0.7959479015918958 0.6307420494699647 0.808972503617945 0.6395759717314488 0.8176555716353111 0.6431095406360424 0.8248914616497829 0.6448763250883393 0.8451519536903039 0.6448763250883393 0.8567293777134588 0.6413427561837456 0.8726483357452967 0.6325088339222615 0.8813314037626628 0.6254416961130742 0.8900144717800289 0.6148409893992933 0.8958031837916064 0.6060070671378092 0.9044862518089725 0.588339222614841 0.91027496382055 0.5671378091872792 0.9131693198263386 0.5512367491166078 0.9131693198263386 0.5406360424028268 0.9117221418234442 0.5318021201413428 0.9073806078147613 0.5176678445229682 0.8972503617945007 0.5 0.8856729377713459 0.48586572438162545 0.8654124457308249 0.4717314487632509 0.8523878437047757 0.4664310954063604 0.8451519536903039 0.46466431095406363
2 0.21852387843704776 0.6978798586572438 0.20694645441389292 0.6908127208480566 0.1939218523878437 0.6855123674911661 0.18958031837916064 0.6855123674911661 0.18523878437047755 0.6819787985865724 0.17800289435600578 0.6802120141342756 0.16208393632416787 0.6784452296819788 0.1476121562952243 0.6802120141342756 0.1316931982633864 0.6855123674911661 0.12301013024602026 0.6908127208480566 0.11287988422575977 0.6996466431095406 0.09696092619392185 0.7190812720848057 0.09117221418234443 0.7332155477031802 0.08683068017366136 0.7508833922261484 0.08683068017366136 0.7773851590106007 0.08972503617945007 0.7950530035335689 0.0955137481910275 0.8109540636042403 0.10564399421128799 0.8268551236749117 0.12301013024602026 0.842756183745583 0.1345875542691751 0.8498233215547704 0.1447178002894356 0.8533568904593639 0.170767004341534 0.8533568904593639 0.18523878437047755 0.8498233215547704 0.2011577424023155 0.8409893992932862 0.23154848046309695 0.8091872791519434 0.23589001447178004 0.803886925795053 0.23878437047756873 0.7985865724381626 0.24457308248914617 0.7791519434628975 0.2460202604920405 0.7667844522968198 0.2460202604920405 0.7473498233215548 0.24457308248914617 0.7367491166077739 0.23878437047756873 0.7226148409893993 0.22575976845151954 0.7049469964664311
2 0.3227206946454414 0.6784452296819788 0.30824891461649784 0.6819787985865724 0.29088277858176553 0.6908127208480566 0.28075253256150506 0.6996466431095406 0.2778581765557164 0.7049469964664311 0.2691751085383502 0.7137809187279152 0.2662807525325615 0.7190812720848057 0.26049204052098407 0.7332155477031802 0.2590448625180897 0.7385159010600707 0.25615050651230103 0.7544169611307421 0.25615050651230103 0.7720848056537103 0.2575976845151954 0.7862190812720848 0.26049204052098407 0.8003533568904594 0.26483357452966716 0.8127208480565371 0.26772793053545585 0.8180212014134276 0.28509406657018815 0.8392226148409894 0.2937771345875543 0.8462897526501767 0.30390738060781475 0.8515901060070671 0.31693198263386396 0.8551236749116607 0.33719247467438496 0.8551236749116607 0.35311143270622286 0.8515901060070671 0.3719247467438495 0.8392226148409894 0.3791606367583213 0.8321554770318021 0.3950795947901592 0.8109540636042403 0.40086830680173663 0.8074204946996466 0.4081041968162084 0.7985865724381626 0.4109985528219971 0.7915194346289752 0.41389290882778584 0.7773851590106007 0.41389290882778584 0.7508833922261484 0.40955137481910275 0.7332155477031802 0.40520984081041966 0.7243816254416962 0.39652677279305354 0.7102473498233216 0.38929088277858176 0.7014134275618374 0.38060781476121563 0.6943462897526502 0.3748191027496382 0.6908127208480566 0.3704775687409551 0.6908127208480566 0.36324167872648333 0.6855123674911661 0.3473227206946454 0.6802120141342756 0.3357452966714906 0.6784452296819788
2 0.5021707670043415 0.676678445229682 0.48480463096960924 0.6784452296819788 0.4703328509406657 0.6837455830388692 0.45875542691751087 0.6908127208480566 0.44862518089725034 0.6996466431095406 0.4370477568740955 0.715547703180212 0.4312590448625181 0.726148409893993 0.426917510853835 0.7385159010600707 0.42547033285094066 0.7455830388692579 0.4240231548480463 0.7597173144876325 0.4240231548480463 0.773851590106007 0.426917510853835 0.7932862190812721 0.4283646888567294 0.7985865724381626 0.4312590448625181 0.8056537102473498 0.44283646888567296 0.8250883392226148 0.4544138929088278 0.8392226148409894 0.4630969609261939 0.8462897526501767 0.47467438494934877 0.8515901060070671 0.48914616497829233 0.8551236749116607 0.5050651230101303 0.8551236749116607 0.5137481910274964 0.8533568904593639 0.5224312590448625 0.8498233215547704 0.5282199710564399 0.8462897526501767 0.532561505065123 0.8409893992932862 0.5397973950795948 0.8374558303886925 0.552821997105644 0.8215547703180212 0.5629522431259045 0.803886925795053 0.5629522431259045 0.8021201413427562 0.5716353111432706 0.7932862190812721 0.5759768451519537 0.7862190812720848 0.5788712011577424 0.773851590106007 0.5803183791606368 0.7614840989399293 0.5803183791606368 0.7508833922261484 0.5774240231548481 0.734982332155477 0.5701881331403763 0.7190812720848057 0.5658465991316932 0.7120141342756183 0.5615050651230101 0.7067137809187279 0.5600578871201157 0.7067137809187279 0.557163531114327 0.7014134275618374 0.5513748191027497 0.696113074204947 0.532561505065123 0.6855123674911661 0.5180897250361794 0.6802120141342756
2 0.6599131693198264 0.676678445229682 0.6468885672937771 0.6802120141342756 0.6324167872648335 0.6872791519434629 0.622286541244573 0.6943462897526502 0.6121562952243126 0.7067137809187279 0.6078147612156295 0.7137809187279152 0.6063675832127352 0.7190812720848057 0.6005788712011577 0.726148409893993 0.5962373371924746 0.7385159010600707 0.5947901591895803 0.7544169611307421 0.5947901591895803 0.7773851590106007 0.597684515195369 0.7968197879858657 0.6063675832127352 0.8180212014134276 0.6092619392185239 0.823321554770318 0.6208393632416788 0.8374558303886925 0.6309696092619392 0.8462897526501767 0.6454413892908828 0.8533568904593639 0.6541244573082489 0.8551236749116607 0.6758321273516642 0.8551236749116607 0.6888567293777135 0.8515901060070671 0.7004341534008683 0.8445229681978799 0.7047756874095513 0.8392226148409894 0.7091172214182344 0.8374558303886925 0.7134587554269175 0.8321554770318021 0.7149059334298119 0.8321554770318021 0.7250361794500724 0.8180212014134276 0.7351664254703328 0.7985865724381626 0.7409551374819102 0.7809187279151943 0.743849493487699 0.7614840989399293 0.743849493487699 0.7491166077738516 0.7409551374819102 0.7296819787985865 0.7337192474674384 0.7137809187279152 0.7206946454413893 0.6996466431095406 0.7206946454413893 0.6978798586572438 0.7178002894356006 0.6943462897526502 0.703328509406657 0.6855123674911661 0.6903039073806078 0.6802120141342756 0.678726483357453 0.676678445229682
2 0.8248914616497829 0.676678445229682 0.8104196816208393 0.6819787985865724 0.7945007235890015 0.6925795053003534 0.7901591895803184 0.696113074204947 0.7800289435600579 0.7102473498233216 0.7742402315484804 0.7208480565371025 0.768451519536903 0.734982332155477 0.7655571635311144 0.765017667844523 0.7670043415340086 0.7791519434628975 0.7698986975397974 0.7915194346289752 0.7727930535455861 0.7968197879858657 0.7727930535455861 0.8021201413427562 0.7785817655571635 0.8162544169611308 0.784370477568741 0.8268551236749117 0.788712011577424 0.8321554770318021 0.7945007235890015 0.8374558303886925 0.8060781476121563 0.8462897526501767 0.8176555716353111 0.8515901060070671 0.8335745296671491 0.8551236749116607 0.8451519536903039 0.8551236749116607 0.85383502170767 0.8533568904593639 0.8625180897250362 0.8498233215547704 0.8712011577424024 0.8445229681978799 0.8856729377713459 0.8321554770318021 0.8900144717800289 0.8268551236749117 0.8900144717800289 0.8250883392226148 0.8958031837916064 0.8180212014134276 0.9059334298118669 0.8003533568904594 0.9088277858176556 0.7932862190812721 0.9160636758321273 0.7632508833922261 0.9160636758321273 0.7385159010600707 0.9131693198263386 0.726148409893993 0.9117221418234442 0.7226148409893993 0.9059334298118669 0.7137809187279152 0.9059334298118669 0.7120141342756183 0.8914616497829233 0.696113074204947 0.8813314037626628 0.6890459363957597 0.8683068017366136 0.6819787985865724 0.8523878437047757 0.676678445229682
