1 0.17594254937163376 0.09978308026030369 0.17055655296229802 0.1019522776572668 0.1526032315978456 0.11279826464208242 0.1490125673249551 0.11713665943600868 0.14721723518850988 0.11713665943600868 0.14542190305206462 0.1193058568329718 0.13824057450628366 0.13232104121475055 0.13464991023339318 0.13665943600867678 0.13285457809694792 0.13665943600867678 0.1310592459605027 0.13882863340563992 0.1310592459605027 0.14099783080260303 0.12746858168761221 0.14533622559652928 0.12387791741472172 0.1561822125813449 0.12387791741472172 0.16268980477223427 0.12567324955116696 0.1648590021691974 0.12567324955116696 0.1735357917570499 0.12746858168761221 0.1822125813449024 0.13285457809694792 0.19522776572668113 0.13644524236983843 0.2017353579175705 0.15080789946140036 0.21908893709327548 0.15978456014362658 0.227765726681128 0.16696588868940754 0.23210412147505424 0.17773788150807898 0.23644251626898047 0.19389587073608616 0.23644251626898047 0.20646319569120286 0.23210412147505424 0.21364452423698385 0.227765726681128 0.2244165170556553 0.21475054229934923 0.2333931777378815 0.19739696312364424 0.236983842010772 0.18655097613882862 0.236983842010772 0.16702819956616052 0.23518850987432674 0.1475054229934924 0.2333931777378815 0.13882863340563992 0.22980251346499103 0.1301518438177874 0.22621184919210055 0.12364425162689804 0.21723518850987433 0.11279826464208242 0.21005385996409337 0.10629067245119306 0.20107719928186715 0.1019522776572668 0.19210053859964094 0.09978308026030369
1 0.16337522441651706 0.30585683297180044 0.15798922800718132 0.3080260303687636 0.15080789946140036 0.3123644251626898 0.14542190305206462 0.31670281995661603 0.13464991023339318 0.3297180043383948 0.1310592459605027 0.3362255965292842 0.12746858168761221 0.34490238611713664 0.12567324955116696 0.351409978308026 0.12387791741472172 0.3644251626898048 0.12387791741472172 0.38177874186550975 0.12567324955116696 0.39045553145336226 0.12926391382405744 0.39913232104121477 0.13644524236983843 0.4121475054229935 0.14183123877917414 0.41865509761388287 0.1561938958707361 0.42950108459869846 0.1651705565529623 0.43383947939262474 0.1813285457809695 0.43383947939262474 0.19030520646319568 0.4316702819956616 0.1992818671454219 0.42733188720173537 0.21005385996409337 0.420824295010846 0.21903052064631956 0.4121475054229935 0.2244165170556553 0.40130151843817785 0.23159784560143626 0.3774403470715835 0.23159784560143626 0.368763557483731 0.22980251346499103 0.3665943600867679 0.22980251346499103 0.3557483731019523 0.22800718132854578 0.3492407809110629 0.21903052064631956 0.3275488069414317 0.21005385996409337 0.31670281995661603 0.20466786355475763 0.3123644251626898 0.19389587073608616 0.30585683297180044
1 0.17055655296229802 0.49891540130151846 0.15978456014362658 0.5054229934924078 0.15439856373429084 0.5097613882863341 0.14542190305206462 0.5206073752711496 0.13824057450628366 0.5379609544468547 0.13464991023339318 0.5574837310195228 0.13464991023339318 0.5704989154013015 0.13644524236983843 0.5835140997830802 0.14542190305206462 0.6008676789587852 0.1490125673249551 0.6052060737527115 0.15798922800718132 0.613882863340564 0.16337522441651706 0.6182212581344902 0.17055655296229802 0.6225596529284165 0.17594254937163376 0.6247288503253796 0.18491921005385997 0.6268980477223427 0.20466786355475763 0.6247288503253796 0.21005385996409337 0.6225596529284165 0.21723518850987433 0.6182212581344902 0.23159784560143626 0.6008676789587852 0.236983842010772 0.5900216919739696 0.24057450628366248 0.5770065075921909 0.24236983842010773 0.5661605206073753 0.24236983842010773 0.5466377440347071 0.24057450628366248 0.5401301518438177 0.23877917414721722 0.5357917570498916 0.23518850987432674 0.5314533622559653 0.23518850987432674 0.527114967462039 0.2333931777378815 0.5227765726681128 0.22082585278276481 0.5075921908893709 0.21005385996409337 0.5010845986984815 0.1992818671454219 0.4967462039045553 0.17773788150807898 0.4967462039045553
1 0.1615798922800718 0.6963123644251626 0.15798922800718132 0.6984815618221258 0.14542190305206462 0.7093275488069414 0.13644524236983843 0.720173535791757 0.1310592459605027 0.7310195227765727 0.12926391382405744 0.737527114967462 0.12746858168761221 0.7505422993492408 0.12746858168761221 0.7700650759219089 0.12926391382405744 0.7787418655097614 0.13464991023339318 0.7917570498915402 0.1400359066427289 0.8004338394793926 0.1490125673249551 0.8112798264642083 0.16337522441651706 0.8199566160520607 0.1687612208258528 0.8221258134490239 0.17953321364452424 0.824295010845987 0.19210053859964094 0.824295010845987 0.1992818671454219 0.8221258134490239 0.20825852782764812 0.8177874186550976 0.21364452423698385 0.8134490238611713 0.22800718132854578 0.7960954446854663 0.23159784560143626 0.7874186550976139 0.23518850987432674 0.7722342733188721 0.23518850987432674 0.7483731019522777 0.2333931777378815 0.7396963123644251 0.22621184919210055 0.7223427331887202 0.21903052064631956 0.7136659436008677 0.21903052064631956 0.7114967462039046 0.21364452423698385 0.7049891540130152 0.1992818671454219 0.6963123644251626 0.19389587073608616 0.6941431670281996 0.1687612208258528 0.6941431670281996
1 0.3464991023339318 0.5032537960954447 0.3375224416517056 0.5054229934924078 0.3303411131059246 0.5097613882863341 0.3177737881508079 0.5206073752711496 0.3123877917414722 0.527114967462039 0.3087971274685817 0.5336225596529284 0.3087971274685817 0.5379609544468547 0.3052064631956912 0.5422993492407809 0.3016157989228007 0.5531453362255966 0.2998204667863555 0.561822125813449 0.2998204667863555 0.5726681127982647 0.3016157989228007 0.5835140997830802 0.30700179533213645 0.6008676789587852 0.3087971274685817 0.6052060737527115 0.31597845601436264 0.6182212581344902 0.3213644524236984 0.6247288503253796 0.3249551166965889 0.6268980477223427 0.348294434470377 0.6355748373101953 0.35727109515260325 0.6355748373101953 0.37163375224416517 0.631236442516269 0.3859964093357271 0.6225596529284165 0.39138240574506283 0.6160520607375272 0.400359066427289 0.6008676789587852 0.40574506283662476 0.5878524945770065 0.40754039497307004 0.5770065075921909 0.40754039497307004 0.559652928416486 0.40574506283662476 0.5488069414316703 0.40394973070017953 0.5422993492407809 0.3985637342908438 0.5292841648590022 0.39317773788150806 0.5227765726681128 0.39317773788150806 0.5206073752711496 0.3895870736086176 0.5162689804772235 0.38420107719928187 0.5119305856832972 0.3770197486535009 0.5075921908893709 0.37163375224416517 0.5054229934924078 0.362657091561939 0.5032537960954447
1 0.33213644524236985 0.2885032537960954 0.3231597845601436 0.2993492407809111 0.3105924596050269 0.30585683297180044 0.3052064631956912 0.31019522776572667 0.2998204667863555 0.31670281995661603 0.29443447037701975 0.3297180043383948 0.29084380610412924 0.3492407809110629 0.29084380610412924 0.3644251626898048 0.2926391382405745 0.3752711496746204 0.296229802513465 0.3882863340563991 0.2998204667863555 0.3947939262472885 0.31597845601436264 0.4121475054229935 0.3339317773788151 0.4229934924078091 0.34111310592459604 0.42516268980477223 0.35547576301615796 0.42516268980477223 0.37163375224416517 0.41431670281995664 0.38420107719928187 0.40130151843817785 0.3877917414721723 0.39913232104121477 0.39497307001795334 0.39913232104121477 0.39676840215439857 0.3947939262472885 0.400359066427289 0.38177874186550975 0.400359066427289 0.3752711496746204 0.39676840215439857 0.3383947939262473 0.39497307001795334 0.3318872017353579 0.3877917414721723 0.31670281995661603 0.38061041292639136 0.3080260303687636 0.3752244165170557 0.30585683297180044 0.36983842010771995 0.2993492407809111 0.3590664272890485 0.2928416485900217 0.3518850987432675 0.29067245119305857
1 0.36983842010771995 0.10845986984815618 0.3608617594254937 0.10629067245119306 0.3518850987432675 0.10629067245119306 0.34111310592459604 0.10845986984815618 0.3357271095152603 0.11062906724511931 0.3249551166965889 0.11713665943600868 0.30700179533213645 0.13882863340563992 0.3052064631956912 0.14316702819956617 0.30341113105924594 0.15184381778741865 0.30341113105924594 0.1843817787418655 0.30700179533213645 0.19956616052060738 0.3123877917414722 0.21258134490238612 0.3231597845601436 0.22559652928416485 0.32854578096947934 0.2299349240780911 0.3357271095152603 0.23427331887201736 0.34111310592459604 0.23644251626898047 0.362657091561939 0.23644251626898047 0.37163375224416517 0.23427331887201736 0.38420107719928187 0.22559652928416485 0.39497307001795334 0.21258134490238612 0.40394973070017953 0.19522776572668113 0.40574506283662476 0.18872017353579176 0.40754039497307004 0.17787418655097614 0.40754039497307004 0.16919739696312364 0.40574506283662476 0.1540130151843818 0.4021543985637343 0.14099783080260303 0.400359066427289 0.13665943600867678 0.39676840215439857 0.1301518438177874 0.3895870736086176 0.12147505422993492 0.38240574506283664 0.11496746203904555
1 0.4991023339317774 0.09978308026030369 0.4883303411131059 0.10412147505422993 0.47755834829443444 0.11279826464208242 0.46858168761220825 0.12364425162689804 0.4631956912028725 0.13232104121475055 0.4614003590664273 0.13665943600867678 0.4578096947935368 0.15184381778741865 0.4578096947935368 0.1822125813449024 0.4614003590664273 0.19522776572668113 0.4631956912028725 0.19956616052060738 0.47755834829443444 0.21691973969631237 0.4883303411131059 0.22559652928416485 0.4955116696588869 0.2299349240780911 0.5008976660682226 0.23210412147505424 0.5152603231597845 0.23210412147505424 0.5224416517055656 0.2299349240780911 0.5350089766606823 0.22342733188720174 0.547576301615799 0.20824295010845986 0.5547576301615799 0.19088937093275488 0.5601436265709157 0.1843817787418655 0.5619389587073609 0.17787418655097614 0.5637342908438061 0.16052060737527116 0.5637342908438061 0.15184381778741865 0.5619389587073609 0.14967462039045554 0.5619389587073609 0.13882863340563992 0.5583482944344704 0.1301518438177874 0.5529622980251346 0.12147505422993492 0.5457809694793537 0.11279826464208242 0.5403949730700179 0.10845986984815618 0.533213644524237 0.10412147505422993 0.5224416517055656 0.09978308026030369
1 0.6624775583482945 0.09761388286334056 0.6570915619389587 0.09978308026030369 0.651705565529623 0.10629067245119306 0.6499102333931778 0.10629067245119306 0.63016157989228 0.13232104121475055 0.6283662477558348 0.13665943600867678 0.6247755834829444 0.1561822125813449 0.6247755834829444 0.16702819956616052 0.6265709156193896 0.18004338394793926 0.6283662477558348 0.18655097613882862 0.6337522441651705 0.19956616052060738 0.6463195691202872 0.21475054229934923 0.6552962298025135 0.22125813449023862 0.6642728904847397 0.22559652928416485 0.6929982046678635 0.22559652928416485 0.7019748653500898 0.22125813449023862 0.7217235188509874 0.19739696312364424 0.7289048473967684 0.1822125813449024 0.7324955116696589 0.1561822125813449 0.7324955116696589 0.14967462039045554 0.7307001795332136 0.1475054229934924 0.7307001795332136 0.13882863340563992 0.725314183123878 0.13232104121475055 0.7199281867145422 0.1301518438177874 0.7091561938958707 0.11496746203904555 0.6947935368043088 0.10412147505422993 0.6840215439856373 0.09761388286334056
1 0.8438061041292639 0.08459869848156182 0.8384201077199281 0.08676789587852494 0.8240574506283662 0.09544468546637744 0.8186714542190305 0.09978308026030369 0.8096947935368043 0.11062906724511931 0.8078994614003591 0.11496746203904555 0.8061041292639138 0.12147505422993492 0.800718132854578 0.1279826464208243 0.7971274685816876 0.13665943600867678 0.7971274685816876 0.16919739696312364 0.7989228007181328 0.175704989154013 0.8025134649910234 0.1843817787418655 0.8132854578096947 0.19739696312364424 0.8204667863554758 0.2017353579175705 0.8348294434470377 0.20607375271149675 0.8599640933572711 0.20607375271149675 0.8671454219030521 0.2039045553145336 0.8761220825852782 0.19739696312364424 0.881508078994614 0.19088937093275488 0.8850987432675045 0.18004338394793926 0.8904847396768402 0.1735357917570499 0.8940754039497307 0.16702819956616052 0.895870736086176 0.16268980477223427 0.8994614003590664 0.14967462039045554 0.9012567324955116 0.13449023861171366 0.9012567324955116 0.1279826464208243 0.8994614003590664 0.11062906724511931 0.8976660682226212 0.10629067245119306 0.8868940754039497 0.09327548806941431 0.8833034111310593 0.0911062906724512 0.8707360861759426 0.08676789587852494 0.8617594254937163 0.08459869848156182
1 0.8348294434470377 0.4945770065075922 0.822262118491921 0.49891540130151846 0.8168761220825853 0.5032537960954447 0.8043087971274686 0.5184381778741866 0.7953321364452424 0.5357917570498916 0.7935368043087971 0.5422993492407809 0.7935368043087971 0.5683297180043384 0.7953321364452424 0.579175704989154 0.800718132854578 0.5921908893709328 0.8043087971274686 0.5986984815618221 0.8114901256732495 0.6073752711496746 0.8186714542190305 0.613882863340564 0.8258527827648114 0.6182212581344902 0.8366247755834829 0.6225596529284165 0.8545780969479354 0.6225596529284165 0.8617594254937163 0.6203904555314533 0.8707360861759426 0.6160520607375272 0.8779174147217235 0.6117136659436009 0.8833034111310593 0.6073752711496746 0.8904847396768402 0.5986984815618221 0.8922800718132855 0.5943600867678959 0.895870736086176 0.5661605206073753 0.895870736086176 0.5488069414316703 0.8940754039497307 0.5379609544468547 0.8904847396768402 0.5227765726681128 0.8833034111310593 0.5097613882863341 0.8797127468581688 0.5054229934924078 0.8653500897666068 0.49891540130151846 0.8527827648114902 0.4945770065075922
1 0.8330341113105925 0.7006507592190889 0.822262118491921 0.7049891540130152 0.8168761220825853 0.7093275488069414 0.7989228007181328 0.7310195227765727 0.7935368043087971 0.7440347071583514 0.7917414721723519 0.7527114967462039 0.7917414721723519 0.7635574837310195 0.7935368043087971 0.7657266811279827 0.7935368043087971 0.7787418655097614 0.7953321364452424 0.7852494577006508 0.8043087971274686 0.8026030368763557 0.8186714542190305 0.8199566160520607 0.8240574506283662 0.824295010845987 0.8348294434470377 0.8286334056399133 0.8563734290843806 0.8286334056399133 0.8653500897666068 0.824295010845987 0.8797127468581688 0.8156182212581344 0.8850987432675045 0.8091106290672451 0.8922800718132855 0.7960954446854663 0.895870736086176 0.7809110629067245 0.895870736086176 0.7462039045553145 0.8922800718132855 0.7310195227765727 0.8886894075403949 0.7223427331887202 0.8833034111310593 0.7136659436008677 0.8779174147217235 0.7114967462039046 0.874326750448833 0.7071583514099783 0.8653500897666068 0.702819956616052 0.8563734290843806 0.7006507592190889
