2 0.12156295224312591 0.0706713780918728 0.11143270622286541 0.0812720848056537 0.10130246020260492 0.09363957597173145 0.09696092619392185 0.10070671378091872 0.09261939218523878 0.11130742049469965 0.08827785817655572 0.127208480565371 0.08827785817655572 0.13780918727915195 0.08683068017366136 0.13957597173144876 0.08683068017366136 0.14840989399293286 0.08972503617945007 0.16784452296819788 0.09261939218523878 0.1784452296819788 0.10274963820549927 0.20141342756183744 0.10998552821997105 0.21024734982332155 0.1316931982633864 0.22791519434628976 0.1476121562952243 0.23674911660777384 0.1577424023154848 0.24028268551236748 0.18813314037626627 0.24028268551236748 0.19971056439942114 0.23674911660777384 0.2098408104196816 0.2314487632508834 0.2170767004341534 0.22438162544169613 0.22865412445730826 0.21024734982332155 0.23444283646888567 0.19964664310954064 0.24167872648335745 0.1784452296819788 0.24457308248914617 0.16607773851590105 0.2460202604920405 0.1519434628975265 0.2460202604920405 0.1431095406360424 0.24457308248914617 0.13427561837455831 0.24167872648335745 0.12367491166077739 0.23299565846599132 0.10424028268551237 0.22431259044862517 0.09363957597173145 0.21128798842257598 0.0812720848056537 0.20260492040520983 0.07773851590106007 0.18958031837916064 0.06713780918727916 0.17800289435600578 0.061837455830388695 0.1678726483357453 0.06007067137809187 0.15050651230101303 0.06007067137809187 0.1345875542691751 0.0636042402826855
2 0.30101302460202606 0.061837455830388695 0.28509406657018815 0.07243816254416961 0.2735166425470333 0.08480565371024736 0.26772793053545585 0.09363957597173145 0.26772793053545585 0.09717314487632508 0.26483357452966716 0.10070671378091872 0.2590448625180897 0.1166077738515901 0.25615050651230103 0.13074204946996468 0.25615050651230103 0.14664310954063603 0.2575976845151954 0.15901060070671377 0.26483357452966716 0.18374558303886926 0.26772793053545585 0.19081272084805653 0.28075253256150506 0.20848056537102475 0.29232995658465993 0.21908127208480566 0.3111432706222865 0.2314487632508834 0.31982633863965265 0.23498233215547704 0.32706222865412443 0.23674911660777384 0.3473227206946454 0.23674911660777384 0.36324167872648333 0.2314487632508834 0.37626628075253254 0.2226148409893993 0.38205499276411 0.21731448763250882 0.3921852387843705 0.2049469964664311 0.402315484804631 0.18904593639575973 0.4081041968162084 0.17491166077738515 0.4109985528219971 0.1625441696113074 0.41244573082489144 0.1519434628975265 0.41244573082489144 0.13427561837455831 0.4109985528219971 0.12190812720848057 0.40955137481910275 0.1166077738515901 0.40520984081041966 0.10600706713780919 0.38639652677279307 0.08303886925795052 0.37771345875542695 0.07597173144876325 0.3589001447178003 0.0636042402826855 0.35021707670043417 0.06007067137809187 0.34008683068017365 0.06007067137809187 0.3342981186685962 0.05653710247349823 0.3227206946454414 0.05653710247349823
2 0.46164978292329956 0.06537102473498234 0.45296671490593343 0.07243816254416961 0.4399421128798842 0.08657243816254417 0.4356005788712012 0.09363957597173145 0.426917510853835 0.11484098939929328 0.42547033285094066 0.12014134275618374 0.42547033285094066 0.1519434628975265 0.4312590448625181 0.18197879858657243 0.4341534008683068 0.18904593639575973 0.4399421128798842 0.1978798586572438 0.44862518089725034 0.20848056537102475 0.46599131693198265 0.2226148409893993 0.47756874095513746 0.22968197879858657 0.48914616497829233 0.2332155477031802 0.5195369030390738 0.2332155477031802 0.5267727930535456 0.2314487632508834 0.5397973950795948 0.22614840989399293 0.552821997105644 0.21731448763250882 0.5687409551374819 0.1978798586572438 0.5774240231548481 0.1784452296819788 0.5788712011577424 0.17137809187279152 0.5803183791606368 0.15724381625441697 0.5803183791606368 0.13780918727915195 0.5788712011577424 0.12190812720848057 0.5745296671490593 0.10954063604240283 0.5542691751085383 0.08480565371024736 0.5354558610709117 0.06890459363957598 0.5238784370477568 0.061837455830388695 0.5180897250361794 0.06007067137809187 0.5123010130246021 0.06007067137809187 0.5065123010130246 0.05653710247349823 0.48625180897250364 0.05653710247349823 0.4804630969609262 0.06007067137809187 0.47467438494934877 0.06007067137809187
2 0.6439942112879884 0.054770318021201414 0.6251808972503617 0.06537102473498234 0.6164978292329957 0.07243816254416961 0.6092619392185239 0.0812720848056537 0.5991316931982634 0.10070671378091872 0.5962373371924746 0.10777385159010601 0.5933429811866859 0.12014134275618374 0.5933429811866859 0.15547703180212014 0.5962373371924746 0.1696113074204947 0.6049204052098408 0.18904593639575973 0.6107091172214182 0.19964664310954064 0.6150506512301013 0.2049469964664311 0.6309696092619392 0.21908127208480566 0.6512301013024602 0.2314487632508834 0.658465991316932 0.2332155477031802 0.6758321273516642 0.2332155477031802 0.6903039073806078 0.2314487632508834 0.6946454413892909 0.22968197879858657 0.7178002894356006 0.2137809187279152 0.7250361794500724 0.2067137809187279 0.7322720694645442 0.1978798586572438 0.7366136034732272 0.18904593639575973 0.743849493487699 0.16784452296819788 0.7467438494934877 0.15371024734982333 0.7467438494934877 0.13250883392226148 0.7452966714905933 0.12367491166077739 0.7424023154848046 0.11484098939929328 0.7366136034732272 0.10247349823321555 0.7264833574529667 0.08657243816254417 0.7134587554269175 0.07243816254416961 0.703328509406657 0.0636042402826855 0.6917510853835022 0.05653710247349823 0.6758321273516642 0.05123674911660778 0.658465991316932 0.05123674911660778
2 0.8306801736613604 0.04770318021201413 0.8162083936324168 0.05123674911660778 0.804630969609262 0.05653710247349823 0.7988422575976846 0.061837455830388695 0.7959479015918958 0.061837455830388695 0.7930535455861071 0.0636042402826855 0.7858176555716353 0.0706713780918728 0.7771345875542692 0.0812720848056537 0.7713458755426917 0.09187279151943463 0.7655571635311144 0.10600706713780919 0.7626628075253257 0.1254416961130742 0.7626628075253257 0.14487632508833923 0.7655571635311144 0.16431095406360424 0.7698986975397974 0.17491166077738515 0.7771345875542692 0.18904593639575973 0.784370477568741 0.19964664310954064 0.7916063675832128 0.20848056537102475 0.8075253256150506 0.22084805653710246 0.8219971056439942 0.22791519434628976 0.829232995658466 0.22968197879858657 0.849493487698987 0.22968197879858657 0.8552821997105644 0.22791519434628976 0.8639652677279306 0.2226148409893993 0.8683068017366136 0.2226148409893993 0.8726483357452967 0.22084805653710246 0.8813314037626628 0.2137809187279152 0.8986975397973951 0.19257950530035337 0.9030390738060782 0.1855123674911661 0.9088277858176556 0.17137809187279152 0.9131693198263386 0.15371024734982333 0.9131693198263386 0.12897526501766785 0.9117221418234442 0.12367491166077739 0.9073806078147613 0.11484098939929328 0.9059334298118669 0.10600706713780919 0.9044862518089725 0.10070671378091872 0.9015918958031838 0.09717314487632508 0.9015918958031838 0.09363957597173145 0.8986975397973951 0.08833922261484099 0.8842257597684515 0.0706713780918728 0.874095513748191 0.061837455830388695 0.8625180897250362 0.054770318021201414 0.8465991316931982 0.04946996466431095 0.8379160636758322 0.04770318021201413
2 0.12156295224312591 0.2773851590106007 0.11432706222865413 0.284452296819788 0.10419681620839363 0.29858657243816256 0.09840810419681621 0.30918727915194344 0.09261939218523878 0.3303886925795053 0.09117221418234443 0.34275618374558303 0.09117221418234443 0.3657243816254417 0.09261939218523878 0.3763250883392226 0.09696092619392185 0.39045936395759717 0.1085383502170767 0.411660777385159 0.11866859623733719 0.42226148409893993 0.1316931982633864 0.43109540636042404 0.15340086830680175 0.43992932862190814 0.16063675832127353 0.4416961130742049 0.191027496382055 0.4416961130742049 0.19826338639652677 0.43992932862190814 0.20839363241678727 0.43462897526501765 0.2199710564399421 0.42579505300353354 0.23299565846599132 0.4098939929328622 0.23733719247467439 0.4028268551236749 0.24457308248914617 0.38515901060070673 0.24746743849493488 0.3710247349823322 0.24746743849493488 0.3480565371024735 0.24457308248914617 0.3286219081272085 0.23878437047756873 0.3127208480565371 0.23299565846599132 0.30212014134275617 0.2199710564399421 0.2862190812720848 0.21562952243125905 0.2826855123674912 0.1939218523878437 0.2703180212014134 0.18813314037626627 0.2703180212014134 0.17800289435600578 0.26501766784452296 0.16931982633863965 0.26325088339222613 0.15918958031837915 0.26325088339222613 0.1476121562952243 0.26501766784452296 0.13024602026049203 0.27208480565371024
2 0.28798842257597684 0.27385159010600707 0.2691751085383502 0.2968197879858657 0.26483357452966716 0.303886925795053 0.26049204052098407 0.31802120141342755 0.26049204052098407 0.3250883392226148 0.2575976845151954 0.3303886925795053 0.25615050651230103 0.3374558303886926 0.25615050651230103 0.36042402826855124 0.2575976845151954 0.36925795053003535 0.26483357452966716 0.3957597173144876 0.2706222865412446 0.4081272084805654 0.2778581765557164 0.4169611307420495 0.29088277858176553 0.4275618374558304 0.3096960926193922 0.4381625441696113 0.3256150506512301 0.44346289752650175 0.35021707670043417 0.44346289752650175 0.35745296671490595 0.4416961130742049 0.361794500723589 0.4381625441696113 0.3675832127351664 0.4381625441696113 0.38060781476121563 0.43109540636042404 0.3878437047756874 0.42402826855123676 0.40086830680173663 0.40636042402826855 0.40520984081041966 0.3957597173144876 0.40955137481910275 0.37809187279151946 0.4109985528219971 0.36925795053003535 0.4109985528219971 0.33568904593639576 0.40955137481910275 0.32685512367491165 0.4037626628075253 0.3127208480565371 0.3950795947901592 0.29858657243816256 0.38929088277858176 0.2915194346289753 0.3835021707670043 0.2862190812720848 0.3791606367583213 0.284452296819788 0.3748191027496382 0.2791519434628975 0.36468885672937773 0.27208480565371024 0.35600578871201155 0.2703180212014134 0.35311143270622286 0.2667844522968198 0.3357452966714906 0.26325088339222613 0.3140376266280753 0.26325088339222613 0.30390738060781475 0.2667844522968198 0.30101302460202606 0.2703180212014134 0.2952243125904486 0.2703180212014134
2 0.8306801736613604 0.25618374558303886 0.8219971056439942 0.2579505300353357 0.804630969609262 0.26501766784452296 0.7916063675832128 0.27385159010600707 0.784370477568741 0.2826855123674912 0.7771345875542692 0.29328621908127206 0.7727930535455861 0.30212014134275617 0.768451519536903 0.31448763250883394 0.768451519536903 0.3197879858657244 0.7655571635311144 0.3250883392226148 0.76410998552822 0.3321554770318021 0.76410998552822 0.35159010600706714 0.7655571635311144 0.3621908127208481 0.768451519536903 0.3745583038869258 0.7742402315484804 0.39045936395759717 0.7800289435600579 0.4010600706713781 0.7945007235890015 0.41872791519434627 0.8031837916063675 0.42579505300353354 0.8118668596237337 0.43109540636042404 0.8335745296671491 0.4381625441696113 0.8422575976845152 0.4381625441696113 0.849493487698987 0.4363957597173145 0.8625180897250362 0.43109540636042404 0.874095513748191 0.42402826855123676 0.8900144717800289 0.4098939929328622 0.8986975397973951 0.3992932862190813 0.9088277858176556 0.3763250883392226 0.9117221418234442 0.3657243816254417 0.9131693198263386 0.3568904593639576 0.9131693198263386 0.3303886925795053 0.9059334298118669 0.29858657243816256 0.8871201157742402 0.2756183745583039 0.869753979739508 0.26325088339222613 0.8610709117221418 0.2597173144876325 0.8480463096960926 0.25618374558303886
2 0.1316931982633864 0.48056537102473496 0.12301013024602026 0.48586572438162545 0.1085383502170767 0.49823321554770317 0.10274963820549927 0.5053003533568905 0.09840810419681621 0.5123674911660777 0.09261939218523878 0.5265017667844523 0.08827785817655572 0.5441696113074205 0.08827785817655572 0.5742049469964664 0.08972503617945007 0.5830388692579506 0.09406657018813314 0.598939929328622 0.09696092619392185 0.6060070671378092 0.10419681620839363 0.6183745583038869 0.1085383502170767 0.6236749116607774 0.12301013024602026 0.6360424028268551 0.13603473227206947 0.6431095406360424 0.14037626628075253 0.6431095406360424 0.1447178002894356 0.6466431095406361 0.15050651230101303 0.6484098939929329 0.16353111432706222 0.6501766784452296 0.17800289435600578 0.6501766784452296 0.19247467438494936 0.6466431095406361 0.2141823444283647 0.6360424028268551 0.22141823444283648 0.6289752650176679 0.22865412445730826 0.6201413427561837 0.23299565846599132 0.6130742049469965 0.23878437047756873 0.598939929328622 0.24167872648335745 0.588339222614841 0.24312590448625182 0.5795053003533569 0.24312590448625182 0.5477031802120141 0.2402315484804631 0.5318021201413428 0.23444283646888567 0.5159010600706714 0.2301013024602026 0.508833922261484 0.2199710564399421 0.49646643109540634 0.21562952243125905 0.4929328621908127 0.1939218523878437 0.48056537102473496 0.1837916063675832 0.4787985865724382 0.17945007235890015 0.4752650176678445 0.170767004341534 0.4734982332155477 0.15195369030390737 0.4734982332155477 0.1447178002894356 0.4752650176678445
2 0.3053545586107091 0.47703180212014135 0.2981186685962373 0.4823321554770318 0.29088277858176553 0.4840989399293286 0.28075253256150506 0.4929328621908127 0.26772793053545585 0.508833922261484 0.26483357452966716 0.5141342756183745 0.26049204052098407 0.5247349823321554 0.26049204052098407 0.5300353356890459 0.2575976845151954 0.5353356890459364 0.25615050651230103 0.5406360424028268 0.25615050651230103 0.5759717314487632 0.2590448625180897 0.5901060070671378 0.2662807525325615 0.6113074204946997 0.2793053545586107 0.627208480565371 0.28798842257597684 0.6342756183745583 0.2995658465991317 0.6413427561837456 0.3154848046309696 0.6484098939929329 0.32416787264833574 0.6501766784452296 0.33719247467438496 0.6501766784452296 0.34876989869753977 0.6484098939929329 0.37337192474674386 0.6360424028268551 0.37771345875542695 0.6307420494699647 0.38205499276411 0.6289752650176679 0.39363241678726485 0.6183745583038869 0.39652677279305354 0.6148409893992933 0.39652677279305354 0.6130742049469965 0.40086830680173663 0.607773851590106 0.40520984081041966 0.598939929328622 0.40955137481910275 0.5865724381625441 0.41244573082489144 0.5724381625441696 0.41244573082489144 0.5530035335689046 0.40955137481910275 0.5335689045936396 0.40520984081041966 0.5212014134275619 0.3979739507959479 0.508833922261484 0.3907380607814761 0.5 0.3835021707670043 0.4929328621908127 0.3661360347322721 0.4823321554770318 0.361794500723589 0.48056537102473496 0.35745296671490595 0.48056537102473496 0.35021707670043417 0.4752650176678445 0.3429811866859624 0.4734982332155477 0.3154848046309696 0.4734982332155477
2 0.47901591895803186 0.4717314487632509 0.47467438494934877 0.4734982332155477 0.4573082489146165 0.4840989399293286 0.447178002894356 0.4929328621908127 0.4341534008683068 0.5123674911660777 0.42981186685962375 0.5212014134275619 0.426917510853835 0.5300353356890459 0.42547033285094066 0.5388692579505301 0.4240231548480463 0.5565371024734982 0.4240231548480463 0.5653710247349824 0.42547033285094066 0.5671378091872792 0.42547033285094066 0.5777385159010601 0.42981186685962375 0.5936395759717314 0.43270622286541244 0.6007067137809188 0.4399421128798842 0.6130742049469965 0.4544138929088278 0.6307420494699647 0.4703328509406657 0.6413427561837456 0.48480463096960924 0.6466431095406361 0.492040520984081 0.6484098939929329 0.5108538350217077 0.6484098939929329 0.5180897250361794 0.6466431095406361 0.5267727930535456 0.6431095406360424 0.5441389290882779 0.6325088339222615 0.557163531114327 0.6183745583038869 0.5658465991316932 0.6060070671378092 0.573082489146165 0.5918727915194346 0.5759768451519537 0.5848056537102474 0.5774240231548481 0.5777385159010601 0.5774240231548481 0.5424028268551236 0.573082489146165 0.5247349823321554 0.5701881331403763 0.5176678445229682 0.5643994211287988 0.5070671378091873 0.5542691751085383 0.49469964664310956 0.5412445730824892 0.4840989399293286 0.5282199710564399 0.4787985865724382 0.5253256150506512 0.4752650176678445 0.5151953690303908 0.4717314487632509 0.5050651230101303 0.46996466431095407 0.487698986975398 0.46996466431095407
2 0.6729377713458755 0.46819787985865724 0.6512301013024602 0.46996466431095407 0.6439942112879884 0.4717314487632509 0.6367583212735166 0.4752650176678445 0.6193921852387844 0.48586572438162545 0.6150506512301013 0.48939929328621906 0.6049204052098408 0.5035335689045937 0.6005788712011577 0.5106007067137809 0.597684515195369 0.5176678445229682 0.5933429811866859 0.5353356890459364 0.5918958031837916 0.549469964664311 0.5918958031837916 0.5618374558303887 0.5933429811866859 0.5795053003533569 0.597684515195369 0.5936395759717314 0.6049204052098408 0.607773851590106 0.622286541244573 0.6289752650176679 0.6295224312590448 0.6342756183745583 0.6439942112879884 0.6413427561837456 0.6671490593342981 0.6466431095406361 0.6874095513748191 0.6431095406360424 0.6960926193921853 0.6395759717314488 0.7134587554269175 0.627208480565371 0.7351664254703328 0.598939929328622 0.7409551374819102 0.5901060070671378 0.7452966714905933 0.5759717314487632 0.7467438494934877 0.5636042402826855 0.7467438494934877 0.5441696113074205 0.743849493487699 0.5282685512367491 0.7395079594790159 0.5141342756183745 0.7264833574529667 0.49469964664310956 0.7192474674384949 0.4876325088339223 0.7091172214182344 0.48056537102473496 0.6946454413892909 0.4734982332155477 0.683068017366136 0.46996466431095407
2 0.8248914616497829 0.46466431095406363 0.8133140376266281 0.46819787985865724 0.8002894356005789 0.4752650176678445 0.7959479015918958 0.48056537102473496 0.7916063675832128 0.4823321554770318 0.7785817655571635 0.49823321554770317 0.7727930535455861 0.508833922261484 0.7698986975397974 0.5159010600706714 0.7655571635311144 0.5318021201413428 0.76410998552822 0.5424028268551236 0.76410998552822 0.568904593639576 0.768451519536903 0.5848056537102474 0.7785817655571635 0.607773851590106 0.784370477568741 0.6166077738515902 0.7945007235890015 0.627208480565371 0.8075253256150506 0.6360424028268551 0.8234442836468886 0.6413427561837456 0.849493487698987 0.6413427561837456 0.8567293777134588 0.6395759717314488 0.874095513748191 0.6307420494699647 0.8871201157742402 0.6183745583038869 0.8929088277858177 0.6113074204946997 0.9059334298118669 0.588339222614841 0.9088277858176556 0.5777385159010601 0.9131693198263386 0.5547703180212014 0.9131693198263386 0.5300353356890459 0.9059334298118669 0.5053003533568905 0.8972503617945007 0.49469964664310956 0.8972503617945007 0.4929328621908127 0.8900144717800289 0.4840989399293286 0.8813314037626628 0.47703180212014135 0.8755426917510853 0.4734982332155477 0.8683068017366136 0.4717314487632509 0.8610709117221418 0.4664310954063604 0.8523878437047757 0.46466431095406363
2 0.15050651230101303 0.6802120141342756 0.1345875542691751 0.6855123674911661 0.12156295224312591 0.6943462897526502 0.10998552821997105 0.7049469964664311 0.10419681620839363 0.7120141342756183 0.09696092619392185 0.7243816254416962 0.09261939218523878 0.7367491166077739 0.08972503617945007 0.7526501766784452 0.08972503617945007 0.7791519434628975 0.09117221418234443 0.7879858657243817 0.09261939218523878 0.7932862190812721 0.09840810419681621 0.8074204946996466 0.1085383502170767 0.8250883392226148 0.11287988422575977 0.8303886925795053 0.11866859623733719 0.833922261484099 0.12445730824891461 0.8409893992932862 0.13314037626628075 0.8462897526501767 0.15050651230101303 0.8515901060070671 0.17800289435600578 0.8515901060070671 0.191027496382055 0.8480565371024735 0.2011577424023155 0.842756183745583 0.20549927641099855 0.8374558303886925 0.22431259044862517 0.8250883392226148 0.23154848046309695 0.8162544169611308 0.2402315484804631 0.8021201413427562 0.24457308248914617 0.7879858657243817 0.2460202604920405 0.7791519434628975 0.24746743849493488 0.7561837455830389 0.24457308248914617 0.7367491166077739 0.24312590448625182 0.7314487632508834 0.23733719247467439 0.7173144876325088 0.22865412445730826 0.7031802120141343 0.2170767004341534 0.6925795053003534 0.20549927641099855 0.6855123674911661 0.191027496382055 0.6802120141342756 0.1808972503617945 0.6784452296819788 0.16208393632416787 0.6784452296819788
2 0.3140376266280753 0.6802120141342756 0.3053545586107091 0.6837455830388692 0.28798842257597684 0.6943462897526502 0.28075253256150506 0.7014134275618374 0.2691751085383502 0.715547703180212 0.2662807525325615 0.7208480565371025 0.26049204052098407 0.7367491166077739 0.2575976845151954 0.7544169611307421 0.2575976845151954 0.7826855123674912 0.26049204052098407 0.7968197879858657 0.2633863965267728 0.8021201413427562 0.2633863965267728 0.8074204946996466 0.2691751085383502 0.8215547703180212 0.27496382054992763 0.8286219081272085 0.28075253256150506 0.833922261484099 0.2995658465991317 0.8480565371024735 0.3068017366136035 0.8515901060070671 0.3227206946454414 0.8551236749116607 0.3342981186685962 0.8551236749116607 0.3473227206946454 0.8533568904593639 0.35745296671490595 0.8498233215547704 0.38060781476121563 0.833922261484099 0.3878437047756874 0.8250883392226148 0.3921852387843705 0.8144876325088339 0.3979739507959479 0.8056537102473498 0.40665701881331406 0.7950530035335689 0.41244573082489144 0.773851590106007 0.41244573082489144 0.7508833922261484 0.40955137481910275 0.7367491166077739 0.40520984081041966 0.7208480565371025 0.402315484804631 0.715547703180212 0.3907380607814761 0.7014134275618374 0.37771345875542695 0.6925795053003534 0.3675832127351664 0.6890459363957597 0.36468885672937773 0.6855123674911661 0.34876989869753977 0.6802120141342756 0.3357452966714906 0.6784452296819788 0.32416787264833574 0.6784452296819788
2 0.467438494934877 0.6819787985865724 0.4515195369030391 0.6925795053003534 0.44138929088277856 0.7031802120141343 0.43270622286541244 0.715547703180212 0.426917510853835 0.7279151943462897 0.42257597684515197 0.7491166077738516 0.4211287988422576 0.7685512367491166 0.42547033285094066 0.7932862190812721 0.4312590448625181 0.8091872791519434 0.4384949348769899 0.8215547703180212 0.44573082489146165 0.8303886925795053 0.4515195369030391 0.8356890459363958 0.467438494934877 0.8462897526501767 0.47756874095513746 0.8498233215547704 0.48625180897250364 0.8515901060070671 0.5021707670043415 0.8515901060070671 0.5195369030390738 0.8480565371024735 0.5282199710564399 0.8445229681978799 0.5340086830680174 0.8392226148409894 0.5369030390738061 0.8392226148409894 0.5426917510853835 0.8356890459363958 0.5499276410998553 0.8286219081272085 0.5600578871201157 0.8162544169611308 0.5672937771345875 0.7968197879858657 0.5716353111432706 0.7791519434628975 0.573082489146165 0.7685512367491166 0.573082489146165 0.7473498233215548 0.5716353111432706 0.7385159010600707 0.5687409551374819 0.7279151943462897 0.5629522431259045 0.7137809187279152 0.557163531114327 0.7067137809187279 0.557163531114327 0.7049469964664311 0.552821997105644 0.6996466431095406 0.5513748191027497 0.6996466431095406 0.5455861070911722 0.6925795053003534 0.5354558610709117 0.6855123674911661 0.5238784370477568 0.6802120141342756 0.5123010130246021 0.676678445229682 0.4833574529667149 0.676678445229682
2 0.662807525325615 0.676678445229682 0.6541244573082489 0.6784452296819788 0.6410998552821997 0.6837455830388692 0.6237337192474675 0.6943462897526502 0.61794500723589 0.6996466431095406 0.6078147612156295 0.7120141342756183 0.6063675832127352 0.7173144876325088 0.6020260492040521 0.7226148409893993 0.5962373371924746 0.7385159010600707 0.5947901591895803 0.7491166077738516 0.5947901591895803 0.7809187279151943 0.5962373371924746 0.7932862190812721 0.6005788712011577 0.8056537102473498 0.6092619392185239 0.8215547703180212 0.61794500723589 0.8321554770318021 0.6251808972503617 0.8392226148409894 0.6367583212735166 0.8462897526501767 0.6512301013024602 0.8515901060070671 0.658465991316932 0.8533568904593639 0.6772793053545586 0.8533568904593639 0.6874095513748191 0.8515901060070671 0.6960926193921853 0.8480565371024735 0.7120115774240231 0.8374558303886925 0.7163531114327062 0.833922261484099 0.7250361794500724 0.823321554770318 0.7308248914616498 0.8197879858657244 0.7395079594790159 0.8091872791519434 0.748191027496382 0.7897526501766784 0.7496382054992764 0.7791519434628975 0.7496382054992764 0.7561837455830389 0.743849493487699 0.7314487632508834 0.7395079594790159 0.7208480565371025 0.7337192474674384 0.7102473498233216 0.7192474674384949 0.6925795053003534 0.7120115774240231 0.6872791519434629 0.7018813314037626 0.6819787985865724 0.6888567293777135 0.6784452296819788 0.6772793053545586 0.676678445229682
