1 0.17055655296229802 0.4945770065075922 0.1651705565529623 0.4967462039045553 0.15798922800718132 0.5010845986984815 0.1490125673249551 0.5075921908893709 0.1400359066427289 0.5184381778741866 0.13824057450628366 0.5249457700650759 0.13464991023339318 0.5336225596529284 0.1310592459605027 0.5466377440347071 0.12926391382405744 0.559652928416486 0.12926391382405744 0.5639913232104121 0.1310592459605027 0.579175704989154 0.1400359066427289 0.5986984815618221 0.14721723518850988 0.6073752711496746 0.15080789946140036 0.613882863340564 0.15080789946140036 0.6160520607375272 0.15798922800718132 0.6203904555314533 0.16337522441651706 0.6225596529284165 0.1741472172351885 0.6247288503253796 0.18850987432675045 0.6247288503253796 0.19569120287253142 0.6225596529284165 0.19748653500897667 0.6203904555314533 0.20107719928186715 0.6203904555314533 0.20466786355475763 0.6160520607375272 0.2118491921005386 0.6095444685466378 0.22082585278276481 0.5986984815618221 0.2244165170556553 0.5921908893709328 0.2244165170556553 0.5878524945770065 0.22800718132854578 0.5835140997830802 0.22980251346499103 0.579175704989154 0.2333931777378815 0.561822125813449 0.23159784560143626 0.5509761388286334 0.22800718132854578 0.544468546637744 0.22800718132854578 0.5379609544468547 0.22621184919210055 0.5314533622559653 0.21723518850987433 0.5184381778741866 0.21364452423698385 0.5119305856832972 0.21364452423698385 0.5075921908893709 0.20825852782764812 0.5010845986984815 0.19748653500897667 0.4945770065075922
1 0.20107719928186715 0.7071583514099783 0.17953321364452424 0.7071583514099783 0.1687612208258528 0.7114967462039046 0.1651705565529623 0.7136659436008677 0.15798922800718132 0.7223427331887202 0.1561938958707361 0.7223427331887202 0.15080789946140036 0.7288503253796096 0.1490125673249551 0.7331887201735358 0.14721723518850988 0.7396963123644251 0.14542190305206462 0.7505422993492408 0.14542190305206462 0.7917570498915402 0.14721723518850988 0.8004338394793926 0.15080789946140036 0.8091106290672451 0.15439856373429084 0.8134490238611713 0.15439856373429084 0.8156182212581344 0.15978456014362658 0.8221258134490239 0.17773788150807898 0.8329718004338394 0.19030520646319568 0.8329718004338394 0.1992818671454219 0.8308026030368764 0.21543985637342908 0.824295010845987 0.22262118491921004 0.8177874186550976 0.22621184919210055 0.8177874186550976 0.23159784560143626 0.8134490238611713 0.23877917414721722 0.7982646420824295 0.24057450628366248 0.7917570498915402 0.24236983842010773 0.7722342733188721 0.24236983842010773 0.7678958785249458 0.24057450628366248 0.754880694143167 0.236983842010772 0.7418655097613883 0.23159784560143626 0.7288503253796096 0.22621184919210055 0.7223427331887202 0.22082585278276481 0.7180043383947939 0.20646319569120286 0.7093275488069414
1 0.3375224416517056 0.7158351409978309 0.33213644524236985 0.7180043383947939 0.3213644524236984 0.7245119305856833 0.31597845601436264 0.7288503253796096 0.3123877917414722 0.7331887201735358 0.30700179533213645 0.7440347071583514 0.30341113105924594 0.7527114967462039 0.3016157989228007 0.7613882863340564 0.3016157989228007 0.7700650759219089 0.2998204667863555 0.7722342733188721 0.2998204667863555 0.7787418655097614 0.3016157989228007 0.7960954446854663 0.3052064631956912 0.8091106290672451 0.3087971274685817 0.8177874186550976 0.3123877917414722 0.824295010845987 0.3213644524236984 0.8351409978308026 0.33213644524236985 0.841648590021692 0.3375224416517056 0.8438177874186551 0.34470377019748655 0.8459869848156182 0.35727109515260325 0.8459869848156182 0.37163375224416517 0.8394793926247288 0.37881508078994613 0.8308026030368764 0.3859964093357271 0.8264642082429501 0.3895870736086176 0.8221258134490239 0.3985637342908438 0.806941431670282 0.4021543985637343 0.7939262472885033 0.4021543985637343 0.7722342733188721 0.400359066427289 0.7613882863340564 0.3895870736086176 0.737527114967462 0.37881508078994613 0.7245119305856833 0.3734290843806104 0.720173535791757 0.3644524236983842 0.7158351409978309
1 0.6804308797127468 0.7049891540130152 0.6732495511669659 0.7071583514099783 0.6588868940754039 0.7136659436008677 0.6535008976660682 0.7180043383947939 0.6463195691202872 0.7266811279826464 0.644524236983842 0.7266811279826464 0.6391382405745063 0.7331887201735358 0.6355475763016158 0.7418655097613883 0.6337522441651705 0.7483731019522777 0.6337522441651705 0.7787418655097614 0.6355475763016158 0.789587852494577 0.6409335727109515 0.8026030368763557 0.644524236983842 0.806941431670282 0.644524236983842 0.8091106290672451 0.6552962298025135 0.8199566160520607 0.6624775583482945 0.824295010845987 0.6678635547576302 0.8264642082429501 0.6768402154398564 0.8286334056399133 0.6876122082585279 0.8286334056399133 0.6894075403949731 0.8308026030368764 0.6983842010771992 0.8308026030368764 0.7145421903052065 0.8199566160520607 0.7235188509874326 0.8112798264642083 0.7307001795332136 0.8026030368763557 0.7324955116696589 0.7982646420824295 0.7342908438061041 0.7874186550976139 0.7342908438061041 0.7592190889370932 0.7324955116696589 0.7505422993492408 0.7289048473967684 0.7396963123644251 0.725314183123878 0.7310195227765727 0.718132854578097 0.7180043383947939 0.7127468581687613 0.7136659436008677 0.7019748653500898 0.7071583514099783 0.6929982046678635 0.7049891540130152
1 0.49730700179533216 0.4945770065075922 0.4919210053859964 0.4967462039045553 0.48114901256732495 0.5032537960954447 0.4757630161579892 0.5075921908893709 0.466786355475763 0.5184381778741866 0.4578096947935368 0.5357917570498916 0.45601436265709155 0.544468546637744 0.4542190305206463 0.559652928416486 0.4542190305206463 0.5639913232104121 0.45601436265709155 0.5770065075921909 0.45960502692998206 0.5900216919739696 0.4649910233393178 0.6030368763557483 0.47217235188509876 0.6117136659436009 0.47755834829443444 0.6160520607375272 0.48473967684021546 0.6203904555314533 0.49730700179533216 0.6247288503253796 0.5206463195691203 0.6247288503253796 0.5278276481149012 0.6225596529284165 0.5314183123877917 0.6203904555314533 0.5421903052064632 0.6117136659436009 0.547576301615799 0.6052060737527115 0.5511669658886894 0.5986984815618221 0.5547576301615799 0.5900216919739696 0.5565529622980251 0.5835140997830802 0.5583482944344704 0.5704989154013015 0.5583482944344704 0.5553145336225597 0.5529622980251346 0.527114967462039 0.547576301615799 0.5162689804772235 0.5385996409335727 0.5054229934924078 0.5242369838420108 0.4967462039045553 0.518850987432675 0.4945770065075922
1 0.5296229802513465 0.29718004338394793 0.5116696588868941 0.29718004338394793 0.4991023339317774 0.30151843817787416 0.4919210053859964 0.30585683297180044 0.4829443447037702 0.31453362255965295 0.4793536804308797 0.3188720173535792 0.47217235188509876 0.3318872017353579 0.46858168761220825 0.3470715835140998 0.46858168761220825 0.3796095444685466 0.4703770197486535 0.38611713665943603 0.473967684021544 0.3947939262472885 0.49012567324955114 0.41431670281995664 0.5008976660682226 0.420824295010846 0.5080789946140036 0.4229934924078091 0.518850987432675 0.4229934924078091 0.5296229802513465 0.420824295010846 0.5457809694793537 0.41431670281995664 0.5529622980251346 0.40997830802603036 0.5583482944344704 0.39913232104121477 0.5637342908438061 0.3796095444685466 0.5655296229802513 0.37093275488069416 0.5655296229802513 0.3600867678958785 0.5637342908438061 0.3557483731019523 0.5583482944344704 0.3492407809110629 0.5529622980251346 0.3362255965292842 0.5529622980251346 0.3318872017353579 0.5511669658886894 0.3275488069414317 0.5457809694793537 0.3188720173535792 0.5439856373429084 0.3080260303687636 0.5421903052064632 0.3036876355748373 0.5385996409335727 0.30151843817787416 0.5350089766606823 0.30151843817787416
1 0.3141831238779174 0.3080260303687636 0.30341113105924594 0.3232104121475054 0.2998204667863555 0.3318872017353579 0.2980251346499102 0.34273318872017355 0.2980251346499102 0.37310195227765725 0.2998204667863555 0.38177874186550975 0.30700179533213645 0.39913232104121477 0.3123877917414722 0.4078091106290672 0.31956912028725315 0.41431670281995664 0.3303411131059246 0.41865509761388287 0.35547576301615796 0.41865509761388287 0.36983842010771995 0.41431670281995664 0.3734290843806104 0.4121475054229935 0.39138240574506283 0.39045553145336226 0.39317773788150806 0.38611713665943603 0.39317773788150806 0.35357917570498915 0.39138240574506283 0.3275488069414317 0.3877917414721723 0.3188720173535792 0.38240574506283664 0.3123644251626898 0.3752244165170557 0.3080260303687636 0.3608617594254937 0.30151843817787416 0.34470377019748655 0.2993492407809111 0.3339317773788151 0.2993492407809111 0.3249551166965889 0.30151843817787416
1 0.6552962298025135 0.29718004338394793 0.6499102333931778 0.2993492407809111 0.644524236983842 0.30585683297180044 0.6355475763016158 0.31019522776572667 0.63016157989228 0.31453362255965295 0.6247755834829444 0.3210412147505423 0.6211849192100538 0.3297180043383948 0.6175942549371634 0.3405639913232104 0.6122082585278277 0.36225596529284165 0.6122082585278277 0.3796095444685466 0.6157989228007181 0.3926247288503254 0.6229802513464991 0.403470715835141 0.63016157989228 0.4121475054229935 0.6337522441651705 0.41431670281995664 0.6373429084380611 0.41431670281995664 0.6570915619389587 0.42950108459869846 0.6606822262118492 0.4316702819956616 0.6714542190305206 0.4316702819956616 0.6804308797127468 0.42950108459869846 0.6858168761220825 0.42733188720173537 0.6894075403949731 0.4229934924078091 0.6929982046678635 0.4229934924078091 0.7019748653500898 0.4164859002169197 0.7073608617594255 0.40997830802603036 0.7127468581687613 0.3969631236442516 0.7145421903052065 0.38611713665943603 0.7145421903052065 0.3644251626898048 0.7127468581687613 0.35357917570498915 0.7055655296229802 0.3275488069414317 0.7001795332136446 0.31670281995661603 0.6947935368043088 0.31019522776572667 0.6894075403949731 0.30585683297180044 0.6714542190305206 0.29718004338394793
1 0.8240574506283662 0.4945770065075922 0.8168761220825853 0.49891540130151846 0.8061041292639138 0.5075921908893709 0.7971274685816876 0.5184381778741866 0.7917414721723519 0.527114967462039 0.7899461400359067 0.5314533622559653 0.7845601436265709 0.5509761388286334 0.7845601436265709 0.5661605206073753 0.7881508078994613 0.579175704989154 0.7899461400359067 0.5835140997830802 0.8043087971274686 0.6030368763557483 0.8168761220825853 0.613882863340564 0.8204667863554758 0.6160520607375272 0.8312387791741472 0.6203904555314533 0.8545780969479354 0.6203904555314533 0.8617594254937163 0.6160520607375272 0.8671454219030521 0.6117136659436009 0.8761220825852782 0.6030368763557483 0.8833034111310593 0.5943600867678959 0.8868940754039497 0.5878524945770065 0.8922800718132855 0.5683297180043384 0.8922800718132855 0.559652928416486 0.8940754039497307 0.5574837310195228 0.8940754039497307 0.5509761388286334 0.8922800718132855 0.5357917570498916 0.8904847396768402 0.5292841648590022 0.8850987432675045 0.5162689804772235 0.8797127468581688 0.5097613882863341 0.8725314183123878 0.5075921908893709 0.8635547576301615 0.49891540130151846 0.8563734290843806 0.4945770065075922 0.8509874326750448 0.4924078091106291 0.8330341113105925 0.4924078091106291
1 0.6309694793536804 0.14338394793926246 0.6410951526032316 0.19932754880694142 0.6642549371633752 0.22906724511930585 0.7018850987432674 0.2360520607375271 0.7279353680430879 0.2150759219088937 0.7395152603231598 0.17310195227765726 0.7366068222621185 0.1468763557483731 0.7207001795332136 0.12240780911062907
