1 0.17055655296229802 0.10412147505422993 0.1526032315978456 0.11496746203904555 0.1400359066427289 0.1301518438177874 0.13644524236983843 0.13882863340563992 0.13644524236983843 0.14533622559652928 0.13285457809694792 0.15184381778741865 0.13285457809694792 0.16919739696312364 0.13644524236983843 0.1843817787418655 0.1400359066427289 0.19522776572668113 0.14542190305206462 0.20824295010845986 0.1526032315978456 0.21908893709327548 0.1526032315978456 0.22125813449023862 0.15439856373429084 0.22342733188720174 0.1561938958707361 0.22342733188720174 0.15978456014362658 0.227765726681128 0.17773788150807898 0.2386117136659436 0.18491921005385997 0.24078091106290672 0.1992818671454219 0.24078091106290672 0.20825852782764812 0.2299349240780911 0.21723518850987433 0.22342733188720174 0.22621184919210055 0.21258134490238612 0.2333931777378815 0.19956616052060738 0.23518850987432674 0.19522776572668113 0.23518850987432674 0.1475054229934924 0.2333931777378815 0.13882863340563992 0.23159784560143626 0.13449023861171366 0.21543985637342908 0.11496746203904555 0.20466786355475763 0.10412147505422993
1 0.1992818671454219 0.2993492407809111 0.19030520646319568 0.2993492407809111 0.18312387791741472 0.3036876355748373 0.1741472172351885 0.30585683297180044 0.1615798922800718 0.30585683297180044 0.15080789946140036 0.3080260303687636 0.14721723518850988 0.31019522776572667 0.1400359066427289 0.3188720173535792 0.13644524236983843 0.32537960954446854 0.13464991023339318 0.3318872017353579 0.13285457809694792 0.34273318872017355 0.1310592459605027 0.3644251626898048 0.13285457809694792 0.3774403470715835 0.13464991023339318 0.38611713665943603 0.13644524236983843 0.3926247288503254 0.1436265709156194 0.403470715835141 0.14721723518850988 0.41431670281995664 0.1561938958707361 0.42733188720173537 0.15978456014362658 0.42950108459869846 0.1651705565529623 0.4316702819956616 0.18491921005385997 0.4316702819956616 0.19389587073608616 0.42733188720173537 0.20107719928186715 0.4229934924078091 0.21005385996409337 0.4164859002169197 0.21903052064631956 0.40563991323210413 0.2244165170556553 0.3947939262472885 0.22980251346499103 0.3774403470715835 0.22980251346499103 0.36225596529284165 0.22621184919210055 0.3470715835140998 0.22082585278276481 0.3362255965292842 0.22082585278276481 0.3297180043383948 0.21723518850987433 0.3210412147505423 0.21364452423698385 0.31670281995661603 0.20466786355475763 0.3080260303687636 0.20466786355475763 0.30585683297180044
1 0.18491921005385997 0.4945770065075922 0.1651705565529623 0.5010845986984815 0.1561938958707361 0.5075921908893709 0.1490125673249551 0.5162689804772235 0.14542190305206462 0.5227765726681128 0.14183123877917414 0.5336225596529284 0.1400359066427289 0.5422993492407809 0.13824057450628366 0.5553145336225597 0.13824057450628366 0.5661605206073753 0.1400359066427289 0.5683297180043384 0.1400359066427289 0.5813449023861171 0.1436265709156194 0.5943600867678959 0.14542190305206462 0.5986984815618221 0.15798922800718132 0.613882863340564 0.1651705565529623 0.6203904555314533 0.17055655296229802 0.6225596529284165 0.17953321364452424 0.6247288503253796 0.1992818671454219 0.6247288503253796 0.20646319569120286 0.6225596529284165 0.21364452423698385 0.6182212581344902 0.22800718132854578 0.6008676789587852 0.23159784560143626 0.5943600867678959 0.236983842010772 0.5813449023861171 0.23877917414721722 0.5748373101952278 0.23877917414721722 0.5466377440347071 0.236983842010772 0.5379609544468547 0.2333931777378815 0.5249457700650759 0.22980251346499103 0.5184381778741866 0.22082585278276481 0.5075921908893709 0.21005385996409337 0.49891540130151846 0.20466786355475763 0.4967462039045553 0.19748653500897667 0.4945770065075922
1 0.1741472172351885 0.6919739696312365 0.1651705565529623 0.6941431670281996 0.15080789946140036 0.702819956616052 0.1400359066427289 0.7158351409978309 0.13464991023339318 0.7245119305856833 0.1310592459605027 0.7331887201735358 0.12926391382405744 0.7418655097613883 0.12926391382405744 0.7700650759219089 0.13285457809694792 0.7852494577006508 0.13824057450628366 0.7982646420824295 0.14542190305206462 0.8091106290672451 0.14721723518850988 0.8091106290672451 0.1615798922800718 0.8221258134490239 0.1687612208258528 0.8264642082429501 0.17594254937163376 0.8286334056399133 0.18491921005385997 0.8286334056399133 0.20107719928186715 0.824295010845987 0.20825852782764812 0.8199566160520607 0.21364452423698385 0.8156182212581344 0.22621184919210055 0.8004338394793926 0.23159784560143626 0.789587852494577 0.23518850987432674 0.7722342733188721 0.23518850987432674 0.7505422993492408 0.2333931777378815 0.7418655097613883 0.22980251346499103 0.7288503253796096 0.22800718132854578 0.7245119305856833 0.2244165170556553 0.7180043383947939 0.21364452423698385 0.7049891540130152 0.19569120287253142 0.6941431670281996 0.1867145421903052 0.6919739696312365
1 0.32854578096947934 0.28633405639913234 0.3249551166965889 0.2885032537960954 0.3123877917414722 0.2993492407809111 0.3105924596050269 0.30151843817787416 0.3087971274685817 0.30585683297180044 0.30700179533213645 0.3123644251626898 0.3052064631956912 0.3318872017353579 0.3052064631956912 0.39045553145336226 0.3123877917414722 0.40130151843817785 0.31956912028725315 0.4078091106290672 0.3267504488330341 0.4121475054229935 0.33213644524236985 0.41431670281995664 0.348294434470377 0.41431670281995664 0.3590664272890485 0.40997830802603036 0.37163375224416517 0.40130151843817785 0.3770197486535009 0.3947939262472885 0.37881508078994613 0.3947939262472885 0.38240574506283664 0.39045553145336226 0.3895870736086176 0.3774403470715835 0.39497307001795334 0.3752711496746204 0.39497307001795334 0.37093275488069416 0.39317773788150806 0.368763557483731 0.39138240574506283 0.3600867678958785 0.39138240574506283 0.3188720173535792 0.3895870736086176 0.31453362255965295 0.38240574506283664 0.3036876355748373 0.3752244165170557 0.29718004338394793 0.3644524236983842 0.29067245119305857 0.35368043087971274 0.29067245119305857 0.34470377019748655 0.28633405639913234
1 0.3339317773788151 0.5075921908893709 0.3303411131059246 0.5097613882863341 0.31956912028725315 0.5184381778741866 0.31597845601436264 0.5227765726681128 0.3123877917414722 0.5292841648590022 0.30700179533213645 0.5422993492407809 0.30341113105924594 0.5574837310195228 0.3016157989228007 0.5683297180043384 0.3016157989228007 0.5726681127982647 0.30341113105924594 0.5878524945770065 0.30700179533213645 0.6008676789587852 0.3123877917414722 0.6117136659436009 0.3213644524236984 0.6225596529284165 0.3393177737881508 0.631236442516269 0.3644524236983842 0.631236442516269 0.3734290843806104 0.6290672451193059 0.37881508078994613 0.6268980477223427 0.3859964093357271 0.6225596529284165 0.39138240574506283 0.6160520607375272 0.39676840215439857 0.6030368763557483 0.400359066427289 0.5856832971800434 0.400359066427289 0.559652928416486 0.3985637342908438 0.5401301518438177 0.39676840215439857 0.5314533622559653 0.39317773788150806 0.5227765726681128 0.3895870736086176 0.5184381778741866 0.3877917414721723 0.5184381778741866 0.38240574506283664 0.5119305856832972 0.3752244165170557 0.5075921908893709 0.3644524236983842 0.5032537960954447 0.3464991023339318 0.5032537960954447
1 0.8384201077199281 0.4945770065075922 0.822262118491921 0.5010845986984815 0.8078994614003591 0.5119305856832972 0.8061041292639138 0.5140997830802603 0.800718132854578 0.5227765726681128 0.7953321364452424 0.5357917570498916 0.7917414721723519 0.5488069414316703 0.7917414721723519 0.5683297180043384 0.7953321364452424 0.5813449023861171 0.8043087971274686 0.5986984815618221 0.8114901256732495 0.6095444685466378 0.8150807899461401 0.613882863340564 0.8240574506283662 0.6203904555314533 0.8348294434470377 0.6247288503253796 0.8491921005385996 0.6247288503253796 0.8563734290843806 0.6225596529284165 0.8599640933572711 0.6203904555314533 0.8779174147217235 0.6052060737527115 0.8833034111310593 0.6030368763557483 0.8850987432675045 0.6008676789587852 0.8886894075403949 0.5921908893709328 0.8886894075403949 0.5856832971800434 0.8922800718132855 0.5813449023861171 0.895870736086176 0.5661605206073753 0.895870736086176 0.544468546637744 0.8922800718132855 0.5292841648590022 0.8886894075403949 0.5206073752711496 0.8850987432675045 0.5140997830802603 0.8761220825852782 0.5032537960954447 0.8689407540394973 0.49891540130151846 0.8581687612208259 0.4945770065075922
1 0.8384201077199281 0.6984815618221258 0.8258527827648114 0.702819956616052 0.8150807899461401 0.7093275488069414 0.800718132854578 0.7266811279826464 0.7971274685816876 0.7331887201735358 0.7971274685816876 0.737527114967462 0.7935368043087971 0.7418655097613883 0.7917414721723519 0.7483731019522777 0.7917414721723519 0.754880694143167 0.7935368043087971 0.7722342733188721 0.7989228007181328 0.7917570498915402 0.800718132854578 0.7960954446854663 0.8043087971274686 0.8026030368763557 0.8096947935368043 0.8091106290672451 0.8240574506283662 0.8199566160520607 0.8348294434470377 0.824295010845987 0.8563734290843806 0.824295010845987 0.8599640933572711 0.8199566160520607 0.8671454219030521 0.8177874186550976 0.8833034111310593 0.806941431670282 0.8904847396768402 0.7982646420824295 0.8904847396768402 0.789587852494577 0.8940754039497307 0.7809110629067245 0.895870736086176 0.7700650759219089 0.895870736086176 0.7462039045553145 0.8904847396768402 0.7266811279826464 0.8886894075403949 0.7223427331887202 0.8797127468581688 0.7114967462039046 0.8689407540394973 0.7049891540130152 0.8581687612208259 0.7006507592190889 0.8509874326750448 0.6984815618221258
1 0.8366247755834829 0.07809110629067245 0.8276481149012568 0.08676789587852494 0.8276481149012568 0.0911062906724512 0.822262118491921 0.09761388286334056 0.8168761220825853 0.11062906724511931 0.8168761220825853 0.11713665943600868 0.8150807899461401 0.1193058568329718 0.8132854578096947 0.12364425162689804 0.8096947935368043 0.1193058568329718 0.8096947935368043 0.11496746203904555 0.8096947935368043 0.12364425162689804 0.8025134649910234 0.1301518438177874 0.800718132854578 0.13232104121475055 0.7989228007181328 0.13665943600867678 0.7989228007181328 0.14316702819956617 0.800718132854578 0.14533622559652928 0.800718132854578 0.1540130151843818 0.8078994614003591 0.1735357917570499 0.8132854578096947 0.18004338394793926 0.8240574506283662 0.19088937093275488 0.8348294434470377 0.19739696312364424 0.8456014362657092 0.19956616052060738 0.8509874326750448 0.19956616052060738 0.8653500897666068 0.19739696312364424 0.8779174147217235 0.19305856832971802 0.8886894075403949 0.18004338394793926 0.8940754039497307 0.16702819956616052 0.8976660682226212 0.1561822125813449 0.8994614003590664 0.14099783080260303 0.8994614003590664 0.13665943600867678 0.8976660682226212 0.1193058568329718 0.8940754039497307 0.10845986984815618 0.8922800718132855 0.10412147505422993 0.881508078994614 0.0911062906724512 0.8689407540394973 0.0824295010845987 0.8635547576301615 0.08026030368763558 0.8473967684021544 0.07809110629067245
1 0.37881508078994613 0.11279826464208242 0.3734290843806104 0.11062906724511931 0.3590664272890485 0.11062906724511931 0.3518850987432675 0.11496746203904555 0.3375224416517056 0.11496746203904555 0.32854578096947934 0.1193058568329718 0.3213644524236984 0.12581344902386118 0.3141831238779174 0.1279826464208243 0.30700179533213645 0.13232104121475055 0.30341113105924594 0.13665943600867678 0.3016157989228007 0.1475054229934924 0.30341113105924594 0.18655097613882862 0.31597845601436264 0.20607375271149675 0.3267504488330341 0.21908893709327548 0.33213644524236985 0.22342733188720174 0.3393177737881508 0.227765726681128 0.3608617594254937 0.227765726681128 0.37163375224416517 0.22125813449023862 0.3770197486535009 0.21691973969631237 0.3859964093357271 0.20607375271149675 0.39497307001795334 0.2017353579175705 0.3985637342908438 0.19739696312364424 0.3985637342908438 0.18872017353579176 0.4021543985637343 0.18004338394793926 0.4021543985637343 0.15184381778741865 0.400359066427289 0.14533622559652928 0.39676840215439857 0.13882863340563992 0.39497307001795334 0.13232104121475055 0.3895870736086176 0.1279826464208243 0.3877917414721723 0.12147505422993492 0.38240574506283664 0.11496746203904555
