2 0.1287988422575977 0.06537102473498234 0.12011577424023155 0.07243816254416961 0.10709117221418235 0.08657243816254417 0.09840810419681621 0.10247349823321555 0.09261939218523878 0.12014134275618374 0.09117221418234443 0.127208480565371 0.09117221418234443 0.1607773851590106 0.09696092619392185 0.18197879858657243 0.10130246020260492 0.19081272084805653 0.1085383502170767 0.20318021201413428 0.11432706222865413 0.21024734982332155 0.13748191027496381 0.22791519434628976 0.15340086830680175 0.23498233215547704 0.16063675832127353 0.23674911660777384 0.191027496382055 0.23674911660777384 0.20694645441389292 0.2314487632508834 0.21273516642547033 0.22791519434628976 0.2301013024602026 0.20848056537102475 0.24167872648335745 0.1872791519434629 0.2460202604920405 0.17314487632508835 0.24891461649782923 0.15901060070671377 0.24891461649782923 0.14840989399293286 0.24746743849493488 0.13604240282685512 0.24457308248914617 0.12190812720848057 0.2402315484804631 0.10600706713780919 0.23733719247467439 0.0989399293286219 0.23299565846599132 0.09187279151943463 0.22431259044862517 0.0812720848056537 0.21562952243125905 0.07420494699646643 0.20260492040520983 0.06537102473498234 0.191027496382055 0.061837455830388695 0.1649782923299566 0.05653710247349823 0.16063675832127353 0.05653710247349823 0.14037626628075253 0.06007067137809187
2 0.2691751085383502 0.09187279151943463 0.26049204052098407 0.11484098939929328 0.2575976845151954 0.13250883392226148 0.2590448625180897 0.15371024734982333 0.2619392185238784 0.16784452296819788 0.26483357452966716 0.17314487632508835 0.26483357452966716 0.18021201413427562 0.26772793053545585 0.1872791519434629 0.2894356005788712 0.21554770318021202 0.2981186685962373 0.2226148409893993 0.3125904486251809 0.2314487632508834 0.32127351664254705 0.23498233215547704 0.35311143270622286 0.23498233215547704 0.3675832127351664 0.2314487632508834 0.37337192474674386 0.22438162544169613 0.3791606367583213 0.22084805653710246 0.3835021707670043 0.22084805653710246 0.3878437047756874 0.21731448763250882 0.3921852387843705 0.21024734982332155 0.39652677279305354 0.2067137809187279 0.3994211287988423 0.21024734982332155 0.40520984081041966 0.22084805653710246 0.4081041968162084 0.22084805653710246 0.4153400868306802 0.21201413427561838 0.4153400868306802 0.2067137809187279 0.42547033285094066 0.1855123674911661 0.42547033285094066 0.16431095406360424 0.4240231548480463 0.15371024734982333 0.42257597684515197 0.1519434628975265 0.42257597684515197 0.14840989399293286 0.4196816208393632 0.14840989399293286 0.41678726483357453 0.14487632508833923 0.41678726483357453 0.13957597173144876 0.41389290882778584 0.13427561837455831 0.4153400868306802 0.12014134275618374 0.4081041968162084 0.11307420494699646 0.402315484804631 0.10247349823321555 0.3921852387843705 0.09010600706713781 0.3921852387843705 0.08833922261484099 0.3835021707670043 0.07773851590106007 0.361794500723589 0.0636042402826855 0.35311143270622286 0.06007067137809187 0.34008683068017365 0.05653710247349823 0.3183791606367583 0.05653710247349823 0.30390738060781475 0.06007067137809187 0.28798842257597684 0.06890459363957598
2 0.4399421128798842 0.08657243816254417 0.4356005788712012 0.09363957597173145 0.43270622286541244 0.10070671378091872 0.426917510853835 0.12014134275618374 0.426917510853835 0.14487632508833923 0.42981186685962375 0.16431095406360424 0.4341534008683068 0.17667844522968199 0.44573082489146165 0.196113074204947 0.45875542691751087 0.2137809187279152 0.4717800289435601 0.22438162544169613 0.48480463096960924 0.2314487632508834 0.492040520984081 0.2332155477031802 0.507959479015919 0.2332155477031802 0.5094066570188133 0.23498233215547704 0.5238784370477568 0.23498233215547704 0.5340086830680174 0.2332155477031802 0.5441389290882779 0.22968197879858657 0.5499276410998553 0.2332155477031802 0.557163531114327 0.2314487632508834 0.5658465991316932 0.22614840989399293 0.5803183791606368 0.20848056537102475 0.5875542691751086 0.19257950530035337 0.5904486251808972 0.18197879858657243 0.5904486251808972 0.15547703180212014 0.5875542691751086 0.13250883392226148 0.5803183791606368 0.1166077738515901 0.5672937771345875 0.0989399293286219 0.5629522431259045 0.09010600706713781 0.5557163531114327 0.0812720848056537 0.5397973950795948 0.06713780918727916 0.5195369030390738 0.05653710247349823 0.507959479015919 0.053003533568904596 0.487698986975398 0.053003533568904596 0.48191027496382055 0.05653710247349823 0.4761215629522431 0.05653710247349823 0.46164978292329956 0.0636042402826855 0.45007235890014474 0.07420494699646643
2 0.6468885672937771 0.05123674911660778 0.6338639652677279 0.05653710247349823 0.6309696092619392 0.05830388692579505 0.6280752532561505 0.061837455830388695 0.6251808972503617 0.061837455830388695 0.6164978292329957 0.06890459363957598 0.6049204052098408 0.08480565371024736 0.5991316931982634 0.09540636042402827 0.5962373371924746 0.10424028268551237 0.5933429811866859 0.12190812720848057 0.5933429811866859 0.14840989399293286 0.5962373371924746 0.1625441696113074 0.5991316931982634 0.1696113074204947 0.61794500723589 0.2049469964664311 0.6208393632416788 0.20848056537102475 0.622286541244573 0.20848056537102475 0.6266280752532561 0.2137809187279152 0.6353111432706223 0.22084805653710246 0.6483357452966715 0.22791519434628976 0.6613603473227206 0.2314487632508834 0.6758321273516642 0.2314487632508834 0.6845151953690304 0.22968197879858657 0.703328509406657 0.22084805653710246 0.7105643994211288 0.21554770318021202 0.7206946454413893 0.2049469964664311 0.7293777134587555 0.19434628975265017 0.7366136034732272 0.1784452296819788 0.7366136034732272 0.17314487632508835 0.7395079594790159 0.16784452296819788 0.743849493487699 0.1501766784452297 0.743849493487699 0.12014134275618374 0.7409551374819102 0.11130742049469965 0.7322720694645442 0.09717314487632508 0.7293777134587555 0.08833922261484099 0.7163531114327062 0.07243816254416961 0.703328509406657 0.061837455830388695 0.6874095513748191 0.053003533568904596 0.6758321273516642 0.04946996466431095 0.6570188133140377 0.04946996466431095
2 0.8335745296671491 0.045936395759717315 0.8219971056439942 0.04770318021201413 0.8147612156295224 0.053003533568904596 0.8031837916063675 0.05653710247349823 0.7916063675832128 0.06537102473498234 0.7814761215629522 0.07597173144876325 0.7713458755426917 0.09363957597173145 0.7670043415340086 0.10777385159010601 0.76410998552822 0.12367491166077739 0.76410998552822 0.1413427561837456 0.7698986975397974 0.16607773851590105 0.7800289435600579 0.18904593639575973 0.784370477568741 0.19434628975265017 0.7858176555716353 0.19964664310954064 0.7973950795947902 0.2137809187279152 0.8017366136034733 0.21731448763250882 0.8205499276410999 0.22791519434628976 0.8263386396526773 0.22968197879858657 0.8422575976845152 0.22968197879858657 0.8523878437047757 0.22791519434628976 0.8625180897250362 0.2226148409893993 0.8683068017366136 0.2226148409893993 0.8813314037626628 0.21554770318021202 0.8900144717800289 0.20848056537102475 0.8929088277858177 0.20318021201413428 0.9030390738060782 0.19081272084805653 0.9044862518089725 0.19081272084805653 0.9059334298118669 0.1855123674911661 0.91027496382055 0.17667844522968199 0.9117221418234442 0.17137809187279152 0.9131693198263386 0.15724381625441697 0.9131693198263386 0.14840989399293286 0.9117221418234442 0.127208480565371 0.9059334298118669 0.10424028268551237 0.9001447178002895 0.09010600706713781 0.894356005788712 0.0812720848056537 0.8827785817655571 0.06713780918727916 0.8654124457308249 0.054770318021201414 0.8610709117221418 0.054770318021201414 0.849493487698987 0.04770318021201413
2 0.1316931982633864 0.2703180212014134 0.12301013024602026 0.2756183745583039 0.10709117221418235 0.2915194346289753 0.09985528219971057 0.303886925795053 0.09406657018813314 0.3197879858657244 0.09117221418234443 0.33568904593639576 0.09117221418234443 0.3621908127208481 0.09406657018813314 0.37985865724381623 0.09985528219971057 0.3957597173144876 0.10564399421128799 0.40636042402826855 0.11143270622286541 0.4134275618374558 0.12445730824891461 0.42579505300353354 0.1345875542691751 0.43286219081272087 0.14616497829232997 0.4381625441696113 0.1649782923299566 0.4416961130742049 0.18523878437047755 0.43992932862190814 0.19971056439942114 0.43462897526501765 0.21273516642547033 0.4275618374558304 0.2301013024602026 0.411660777385159 0.2301013024602026 0.4098939929328622 0.23299565846599132 0.40636042402826855 0.23444283646888567 0.4028268551236749 0.23444283646888567 0.3992932862190813 0.24167872648335745 0.3869257950530035 0.24167872648335745 0.3833922261484099 0.24457308248914617 0.37985865724381623 0.2460202604920405 0.3763250883392226 0.24746743849493488 0.3657243816254417 0.24746743849493488 0.3409893992932862 0.2460202604920405 0.3321554770318021 0.23733719247467439 0.30565371024734983 0.23444283646888567 0.3003533568904594 0.22141823444283648 0.284452296819788 0.2170767004341534 0.28091872791519434 0.20549927641099855 0.27385159010600707 0.1837916063675832 0.26501766784452296 0.17655571635311143 0.26325088339222613 0.15195369030390737 0.26325088339222613 0.14037626628075253 0.2667844522968198 0.13603473227206947 0.2703180212014134
2 0.30390738060781475 0.26501766784452296 0.2981186685962373 0.2703180212014134 0.2937771345875543 0.2703180212014134 0.28075253256150506 0.2826855123674912 0.26483357452966716 0.30212014134275617 0.26049204052098407 0.3127208480565371 0.2575976845151954 0.3250883392226148 0.25615050651230103 0.33568904593639576 0.25615050651230103 0.34452296819787986 0.2575976845151954 0.36395759717314485 0.26483357452966716 0.392226148409894 0.26772793053545585 0.39752650176678445 0.2778581765557164 0.4081272084805654 0.28364688856729375 0.41519434628975266 0.28364688856729375 0.4169611307420495 0.29088277858176553 0.42579505300353354 0.30101302460202606 0.43286219081272087 0.3125904486251809 0.4381625441696113 0.31982633863965265 0.43992932862190814 0.3458755426917511 0.43992932862190814 0.35311143270622286 0.4381625441696113 0.35745296671490595 0.4363957597173145 0.36034732272069464 0.43286219081272087 0.3675832127351664 0.43109540636042404 0.3835021707670043 0.4204946996466431 0.3878437047756874 0.4169611307420495 0.40086830680173663 0.4010600706713781 0.40955137481910275 0.37809187279151946 0.4109985528219971 0.3657243816254417 0.4109985528219971 0.3409893992932862 0.40955137481910275 0.32685512367491165 0.40520984081041966 0.31625441696113077 0.3921852387843705 0.2950530035335689 0.38060781476121563 0.2826855123674912 0.36903039073806077 0.27385159010600707 0.36324167872648333 0.2703180212014134 0.3589001447178003 0.2703180212014134 0.35311143270622286 0.26501766784452296 0.34008683068017365 0.26148409893992935 0.3140376266280753 0.26148409893992935
2 0.4515195369030391 0.2773851590106007 0.44573082489146165 0.284452296819788 0.43270622286541244 0.303886925795053 0.42547033285094066 0.3197879858657244 0.4240231548480463 0.3303886925795053 0.4240231548480463 0.3621908127208481 0.42547033285094066 0.37279151943462896 0.43270622286541244 0.392226148409894 0.4399421128798842 0.4045936395759717 0.44862518089725034 0.4169611307420495 0.46164978292329956 0.4293286219081272 0.4761215629522431 0.4381625441696113 0.48914616497829233 0.4416961130742049 0.5094066570188133 0.4416961130742049 0.5253256150506512 0.4381625441696113 0.5412445730824892 0.43109540636042404 0.557163531114327 0.41872791519434627 0.5600578871201157 0.41519434628975266 0.5658465991316932 0.4028268551236749 0.5716353111432706 0.3957597173144876 0.5774240231548481 0.37809187279151946 0.5788712011577424 0.3657243816254417 0.5788712011577424 0.3392226148409894 0.5774240231548481 0.3303886925795053 0.5716353111432706 0.31448763250883394 0.5629522431259045 0.29858657243816256 0.552821997105644 0.2862190812720848 0.5340086830680174 0.27208480565371024 0.5267727930535456 0.2703180212014134 0.5238784370477568 0.2667844522968198 0.5209840810419681 0.26501766784452296 0.5094066570188133 0.26148409893992935 0.4804630969609262 0.26148409893992935 0.47467438494934877 0.26325088339222613 0.4645441389290883 0.26855123674911663
2 0.6541244573082489 0.2579505300353357 0.6367583212735166 0.26325088339222613 0.622286541244573 0.27385159010600707 0.6078147612156295 0.2915194346289753 0.6020260492040521 0.30212014134275617 0.597684515195369 0.31448763250883394 0.5947901591895803 0.3286219081272085 0.5947901591895803 0.35335689045936397 0.5962373371924746 0.3674911660777385 0.5991316931982634 0.37809187279151946 0.6078147612156295 0.392226148409894 0.6121562952243126 0.4045936395759717 0.6208393632416788 0.41872791519434627 0.6251808972503617 0.4204946996466431 0.6280752532561505 0.42402826855123676 0.638205499276411 0.43109540636042404 0.6497829232995659 0.4363957597173145 0.6570188133140377 0.4381625441696113 0.6758321273516642 0.4381625441696113 0.6917510853835022 0.43286219081272087 0.6989869753979739 0.4293286219081272 0.7134587554269175 0.4169611307420495 0.7221418234442837 0.40636042402826855 0.7279305354558611 0.39752650176678445 0.7293777134587555 0.392226148409894 0.7351664254703328 0.38515901060070673 0.7380607814761215 0.37809187279151946 0.743849493487699 0.36042402826855124 0.7452966714905933 0.3392226148409894 0.7424023154848046 0.3215547703180212 0.7395079594790159 0.31095406360424027 0.7366136034732272 0.303886925795053 0.7337192474674384 0.29858657243816256 0.7192474674384949 0.28091872791519434 0.7105643994211288 0.27385159010600707 0.703328509406657 0.2703180212014134 0.6960926193921853 0.26325088339222613 0.6931982633863966 0.26148409893992935 0.6729377713458755 0.25618374558303886
2 0.8263386396526773 0.254416961130742 0.8133140376266281 0.2579505300353357 0.8031837916063675 0.26325088339222613 0.7916063675832128 0.27208480565371024 0.7785817655571635 0.2879858657243816 0.7727930535455861 0.29858657243816256 0.768451519536903 0.31095406360424027 0.7655571635311144 0.32685512367491165 0.7655571635311144 0.3568904593639576 0.7698986975397974 0.3763250883392226 0.7771345875542692 0.39399293286219084 0.7814761215629522 0.4028268551236749 0.7959479015918958 0.4204946996466431 0.8176555716353111 0.43286219081272087 0.8248914616497829 0.43462897526501765 0.8465991316931982 0.43462897526501765 0.8581765557163531 0.43109540636042404 0.874095513748191 0.42226148409893993 0.8900144717800289 0.4081272084805654 0.9001447178002895 0.3957597173144876 0.9015918958031838 0.39045936395759717 0.9059334298118669 0.38515901060070673 0.9117221418234442 0.36925795053003535 0.914616497829233 0.3498233215547703 0.914616497829233 0.33568904593639576 0.9117221418234442 0.3197879858657244 0.9059334298118669 0.29858657243816256 0.9001447178002895 0.28975265017667845 0.8986975397973951 0.28975265017667845 0.8885672937771346 0.2756183745583039 0.8769898697539797 0.2667844522968198 0.8625180897250362 0.2579505300353357 0.8480463096960926 0.254416961130742
2 0.1085383502170767 0.49823321554770317 0.10130246020260492 0.5070671378091873 0.09261939218523878 0.5247349823321554 0.08827785817655572 0.5388692579505301 0.08827785817655572 0.5777385159010601 0.09261939218523878 0.5954063604240283 0.0955137481910275 0.6024734982332155 0.10419681620839363 0.6183745583038869 0.1085383502170767 0.6236749116607774 0.12445730824891461 0.6360424028268551 0.13603473227206947 0.6431095406360424 0.15195369030390737 0.6484098939929329 0.17945007235890015 0.6484098939929329 0.18523878437047755 0.6466431095406361 0.18958031837916064 0.6431095406360424 0.19536903039073805 0.6431095406360424 0.20839363241678727 0.6378091872791519 0.22431259044862517 0.627208480565371 0.23444283646888567 0.6148409893992933 0.23589001447178004 0.607773851590106 0.23878437047756873 0.6042402826855123 0.24457308248914617 0.588339222614841 0.24746743849493488 0.568904593639576 0.24746743849493488 0.5565371024734982 0.2460202604920405 0.5547703180212014 0.2460202604920405 0.5406360424028268 0.24312590448625182 0.5300353356890459 0.23444283646888567 0.5106007067137809 0.22141823444283648 0.49469964664310956 0.2098408104196816 0.48586572438162545 0.18234442836468887 0.4752650176678445 0.1736613603473227 0.4734982332155477 0.1476121562952243 0.4734982332155477 0.13748191027496381 0.47703180212014135 0.12445730824891461 0.4840989399293286
2 0.3183791606367583 0.4717314487632509 0.3068017366136035 0.4752650176678445 0.2937771345875543 0.4823321554770318 0.28364688856729375 0.4911660777385159 0.2691751085383502 0.508833922261484 0.2619392185238784 0.5247349823321554 0.2575976845151954 0.5441696113074205 0.2575976845151954 0.5742049469964664 0.26049204052098407 0.5901060070671378 0.2633863965267728 0.598939929328622 0.27206946454413894 0.6130742049469965 0.29088277858176553 0.6360424028268551 0.30101302460202606 0.6431095406360424 0.3140376266280753 0.6484098939929329 0.32127351664254705 0.6501766784452296 0.3429811866859624 0.6501766784452296 0.3545586107091172 0.6466431095406361 0.36324167872648333 0.6395759717314488 0.3748191027496382 0.6360424028268551 0.3849493487698987 0.6307420494699647 0.38929088277858176 0.627208480565371 0.40086830680173663 0.6130742049469965 0.40665701881331406 0.6007067137809188 0.41244573082489144 0.5795053003533569 0.41244573082489144 0.549469964664311 0.40955137481910275 0.5335689045936396 0.40520984081041966 0.5212014134275619 0.39652677279305354 0.5070671378091873 0.38639652677279307 0.49469964664310956 0.37771345875542695 0.4876325088339223 0.3661360347322721 0.48056537102473496 0.35311143270622286 0.4752650176678445 0.34008683068017365 0.4717314487632509
2 0.4963820549927641 0.46819787985865724 0.49493487698986977 0.46996466431095407 0.48625180897250364 0.46996466431095407 0.47901591895803186 0.4717314487632509 0.467438494934877 0.47703180212014135 0.4645441389290883 0.48056537102473496 0.46164978292329956 0.48056537102473496 0.4558610709117221 0.48586572438162545 0.44138929088277856 0.5035335689045937 0.4312590448625181 0.5212014134275619 0.4283646888567294 0.5318021201413428 0.426917510853835 0.5406360424028268 0.426917510853835 0.5671378091872792 0.42981186685962375 0.5848056537102474 0.4356005788712012 0.598939929328622 0.4442836468885673 0.6130742049469965 0.4558610709117221 0.6289752650176679 0.46599131693198265 0.6378091872791519 0.4761215629522431 0.6431095406360424 0.4934876989869754 0.6484098939929329 0.5050651230101303 0.6484098939929329 0.5151953690303908 0.6466431095406361 0.5296671490593343 0.6413427561837456 0.5426917510853835 0.6325088339222615 0.5542691751085383 0.6219081272084805 0.5615050651230101 0.6183745583038869 0.5672937771345875 0.6130742049469965 0.573082489146165 0.6060070671378092 0.5774240231548481 0.5954063604240283 0.5803183791606368 0.5777385159010601 0.5803183791606368 0.5388692579505301 0.5774240231548481 0.5229681978798587 0.573082489146165 0.5141342756183745 0.5658465991316932 0.5017667844522968 0.5542691751085383 0.4876325088339223 0.5426917510853835 0.48056537102473496 0.5224312590448625 0.4717314487632509 0.5036179450072359 0.46819787985865724
2 0.662807525325615 0.4664310954063604 0.6526772793053546 0.46819787985865724 0.6338639652677279 0.4752650176678445 0.6295224312590448 0.48056537102473496 0.622286541244573 0.4840989399293286 0.6092619392185239 0.5 0.6020260492040521 0.5123674911660777 0.5962373371924746 0.5282685512367491 0.5947901591895803 0.5424028268551236 0.5947901591895803 0.5636042402826855 0.597684515195369 0.5848056537102474 0.6092619392185239 0.6095406360424028 0.6208393632416788 0.627208480565371 0.6338639652677279 0.6378091872791519 0.6439942112879884 0.6431095406360424 0.6541244573082489 0.6466431095406361 0.6743849493487699 0.6466431095406361 0.6874095513748191 0.6431095406360424 0.7004341534008683 0.6360424028268551 0.7047756874095513 0.6307420494699647 0.7091172214182344 0.6289752650176679 0.7149059334298119 0.6236749116607774 0.7250361794500724 0.6113074204946997 0.7279305354558611 0.6042402826855123 0.7351664254703328 0.5954063604240283 0.7395079594790159 0.588339222614841 0.7424023154848046 0.5812720848056537 0.7452966714905933 0.5706713780918727 0.7467438494934877 0.5512367491166078 0.7452966714905933 0.5371024734982333 0.7409551374819102 0.5176678445229682 0.7337192474674384 0.5035335689045937 0.7192474674384949 0.48586572438162545 0.7047756874095513 0.47703180212014135 0.6931982633863966 0.4717314487632509 0.6743849493487699 0.4664310954063604
2 0.8277858176555717 0.46466431095406363 0.8133140376266281 0.46819787985865724 0.8002894356005789 0.4752650176678445 0.788712011577424 0.4840989399293286 0.7800289435600579 0.49469964664310956 0.7713458755426917 0.5106007067137809 0.7670043415340086 0.5247349823321554 0.76410998552822 0.5388692579505301 0.76410998552822 0.5636042402826855 0.768451519536903 0.5848056537102474 0.7771345875542692 0.6060070671378092 0.7814761215629522 0.6148409893992933 0.7945007235890015 0.6289752650176679 0.8104196816208393 0.6395759717314488 0.8248914616497829 0.6448763250883393 0.8465991316931982 0.6448763250883393 0.8567293777134588 0.6413427561837456 0.8726483357452967 0.6325088339222615 0.8813314037626628 0.6254416961130742 0.8900144717800289 0.6148409893992933 0.9044862518089725 0.588339222614841 0.9117221418234442 0.5600706713780919 0.9131693198263386 0.5512367491166078 0.9131693198263386 0.5441696113074205 0.9117221418234442 0.5318021201413428 0.91027496382055 0.5265017667844523 0.9073806078147613 0.519434628975265 0.9030390738060782 0.5141342756183745 0.9015918958031838 0.5070671378091873 0.894356005788712 0.49646643109540634 0.8856729377713459 0.48586572438162545 0.8712011577424024 0.4752650176678445 0.8581765557163531 0.46819787985865724 0.8451519536903039 0.46466431095406363
2 0.14616497829232997 0.6802120141342756 0.1316931982633864 0.6855123674911661 0.12301013024602026 0.6908127208480566 0.1085383502170767 0.7031802120141343 0.09696092619392185 0.7190812720848057 0.09117221418234443 0.7332155477031802 0.08827785817655572 0.7438162544169611 0.08683068017366136 0.7526501766784452 0.08683068017366136 0.7756183745583038 0.08827785817655572 0.7879858657243817 0.09117221418234443 0.8003533568904594 0.09840810419681621 0.8162544169611308 0.10274963820549927 0.823321554770318 0.10709117221418235 0.8286219081272085 0.11722141823444283 0.8356890459363958 0.12301013024602026 0.842756183745583 0.1316931982633864 0.8480565371024735 0.14037626628075253 0.8515901060070671 0.14905933429811866 0.8533568904593639 0.170767004341534 0.8533568904593639 0.1837916063675832 0.8498233215547704 0.19971056439942114 0.8409893992932862 0.20549927641099855 0.833922261484099 0.21128798842257598 0.8303886925795053 0.22141823444283648 0.8180212014134276 0.22575976845151954 0.8162544169611308 0.23589001447178004 0.803886925795053 0.2402315484804631 0.7968197879858657 0.24457308248914617 0.7791519434628975 0.2460202604920405 0.7667844522968198 0.2460202604920405 0.7473498233215548 0.24312590448625182 0.7332155477031802 0.23878437047756873 0.7226148409893993 0.22575976845151954 0.7049469964664311 0.21852387843704776 0.6978798586572438 0.20694645441389292 0.6908127208480566 0.19826338639652677 0.6890459363957597 0.1939218523878437 0.6855123674911661 0.17945007235890015 0.6802120141342756 0.16642547033285093 0.6784452296819788 0.1577424023154848 0.6784452296819788 0.15629522431259044 0.6802120141342756
2 0.32127351664254705 0.6784452296819788 0.3125904486251809 0.6802120141342756 0.2995658465991317 0.6855123674911661 0.29667149059334297 0.6890459363957597 0.2937771345875543 0.6890459363957597 0.29088277858176553 0.6908127208480566 0.28075253256150506 0.6996466431095406 0.26772793053545585 0.7173144876325088 0.26049204052098407 0.7332155477031802 0.2575976845151954 0.7438162544169611 0.25615050651230103 0.7544169611307421 0.25615050651230103 0.7720848056537103 0.2575976845151954 0.7862190812720848 0.2619392185238784 0.8074204946996466 0.2691751085383502 0.8197879858657244 0.28509406657018815 0.8392226148409894 0.2937771345875543 0.8462897526501767 0.30824891461649784 0.8533568904593639 0.3183791606367583 0.8551236749116607 0.3357452966714906 0.8551236749116607 0.3458755426917511 0.8533568904593639 0.35600578871201155 0.8498233215547704 0.3719247467438495 0.8392226148409894 0.3791606367583213 0.8321554770318021 0.39652677279305354 0.8091872791519434 0.40086830680173663 0.8074204946996466 0.40955137481910275 0.7968197879858657 0.41244573082489144 0.7879858657243817 0.41389290882778584 0.7791519434628975 0.41389290882778584 0.7544169611307421 0.4109985528219971 0.7385159010600707 0.40520984081041966 0.7243816254416962 0.39652677279305354 0.7102473498233216 0.38205499276411 0.696113074204947 0.36324167872648333 0.6855123674911661 0.3473227206946454 0.6802120141342756 0.3357452966714906 0.6784452296819788
2 0.492040520984081 0.676678445229682 0.47901591895803186 0.6802120141342756 0.4703328509406657 0.6837455830388692 0.4558610709117221 0.6925795053003534 0.4515195369030391 0.696113074204947 0.4442836468885673 0.7049469964664311 0.4370477568740955 0.715547703180212 0.4356005788712012 0.7208480565371025 0.4312590448625181 0.726148409893993 0.426917510853835 0.7367491166077739 0.4240231548480463 0.7544169611307421 0.4240231548480463 0.7773851590106007 0.426917510853835 0.7968197879858657 0.4312590448625181 0.8074204946996466 0.4399421128798842 0.8215547703180212 0.4515195369030391 0.8374558303886925 0.4630969609261939 0.8462897526501767 0.4703328509406657 0.8498233215547704 0.48191027496382055 0.8533568904593639 0.4905933429811867 0.8533568904593639 0.492040520984081 0.8551236749116607 0.4992764109985528 0.8551236749116607 0.5137481910274964 0.8533568904593639 0.5238784370477568 0.8498233215547704 0.5296671490593343 0.8462897526501767 0.5340086830680174 0.8409893992932862 0.5412445730824892 0.8374558303886925 0.557163531114327 0.8180212014134276 0.5615050651230101 0.8091872791519434 0.573082489146165 0.7950530035335689 0.5759768451519537 0.7897526501766784 0.5803183791606368 0.7685512367491166 0.5803183791606368 0.7491166077738516 0.5774240231548481 0.734982332155477 0.5716353111432706 0.7208480565371025 0.5672937771345875 0.7137809187279152 0.557163531114327 0.7014134275618374 0.5513748191027497 0.696113074204947 0.5354558610709117 0.6872791519434629 0.5180897250361794 0.6802120141342756 0.5036179450072359 0.676678445229682
2 0.6570188133140377 0.676678445229682 0.6425470332850941 0.6819787985865724 0.6324167872648335 0.6872791519434629 0.6208393632416788 0.696113074204947 0.6092619392185239 0.7102473498233216 0.6005788712011577 0.7279151943462897 0.597684515195369 0.734982332155477 0.5962373371924746 0.7420494699646644 0.5947901591895803 0.7632508833922261 0.5947901591895803 0.773851590106007 0.5962373371924746 0.7915194346289752 0.597684515195369 0.7985865724381626 0.6107091172214182 0.8250883392226148 0.6208393632416788 0.8374558303886925 0.6309696092619392 0.8462897526501767 0.6410998552821997 0.8515901060070671 0.6555716353111433 0.8551236749116607 0.6772793053545586 0.8551236749116607 0.6888567293777135 0.8515901060070671 0.7004341534008683 0.8445229681978799 0.7149059334298119 0.8321554770318021 0.7264833574529667 0.8162544169611308 0.7322720694645442 0.8056537102473498 0.7366136034732272 0.7950530035335689 0.7409551374819102 0.7791519434628975 0.7424023154848046 0.7685512367491166 0.7424023154848046 0.7420494699646644 0.7409551374819102 0.7314487632508834 0.7395079594790159 0.726148409893993 0.7337192474674384 0.7137809187279152 0.7178002894356006 0.6943462897526502 0.6960926193921853 0.6819787985865724 0.6801736613603473 0.676678445229682
2 0.8248914616497829 0.676678445229682 0.8104196816208393 0.6819787985865724 0.7945007235890015 0.6925795053003534 0.7814761215629522 0.7084805653710248 0.7742402315484804 0.7208480565371025 0.768451519536903 0.7385159010600707 0.7670043415340086 0.7491166077738516 0.7670043415340086 0.7773851590106007 0.768451519536903 0.7879858657243817 0.7727930535455861 0.803886925795053 0.7800289435600579 0.8197879858657244 0.7959479015918958 0.8392226148409894 0.8002894356005789 0.842756183745583 0.8118668596237337 0.8498233215547704 0.8234442836468886 0.8533568904593639 0.8509406657018813 0.8533568904593639 0.8581765557163531 0.8515901060070671 0.8712011577424024 0.8445229681978799 0.8856729377713459 0.8321554770318021 0.8900144717800289 0.8268551236749117 0.8929088277858177 0.8197879858657244 0.9059334298118669 0.8003533568904594 0.9088277858176556 0.7932862190812721 0.91027496382055 0.7862190812720848 0.9117221418234442 0.7667844522968198 0.914616497829233 0.7597173144876325 0.914616497829233 0.734982332155477 0.9131693198263386 0.7279151943462897 0.9088277858176556 0.7173144876325088 0.8914616497829233 0.696113074204947 0.8842257597684515 0.6908127208480566 0.8683068017366136 0.6819787985865724 0.85383502170767 0.676678445229682 0.8422575976845152 0.6749116607773852 0.8364688856729378 0.6749116607773852
