1 0.1651705565529623 0.11062906724511931 0.15439856373429084 0.11713665943600868 0.1490125673249551 0.12147505422993492 0.13824057450628366 0.13232104121475055 0.12926391382405744 0.14316702819956617 0.12567324955116696 0.15184381778741865 0.12567324955116696 0.175704989154013 0.12746858168761221 0.18655097613882862 0.1310592459605027 0.19305856832971802 0.1436265709156194 0.21258134490238612 0.1561938958707361 0.227765726681128 0.1741472172351885 0.2386117136659436 0.19569120287253142 0.2386117136659436 0.21005385996409337 0.2299349240780911 0.22262118491921004 0.21475054229934923 0.2333931777378815 0.19739696312364424 0.23518850987432674 0.19305856832971802 0.23518850987432674 0.1735357917570499 0.2333931777378815 0.16052060737527116 0.23159784560143626 0.15184381778741865 0.22800718132854578 0.14099783080260303 0.22262118491921004 0.1301518438177874 0.2118491921005386 0.11713665943600868 0.20466786355475763 0.11279826464208242 0.18850987432675045 0.10845986984815618 0.17594254937163376 0.10845986984815618
1 0.1741472172351885 0.4924078091106291 0.17235188509874327 0.4945770065075922 0.16337522441651706 0.4945770065075922 0.1561938958707361 0.4967462039045553 0.1490125673249551 0.5010845986984815 0.1436265709156194 0.5054229934924078 0.1400359066427289 0.5097613882863341 0.13285457809694792 0.5206073752711496 0.12926391382405744 0.5292841648590022 0.12746858168761221 0.5357917570498916 0.12387791741472172 0.561822125813449 0.12567324955116696 0.5770065075921909 0.12926391382405744 0.5921908893709328 0.13285457809694792 0.5986984815618221 0.14542190305206462 0.613882863340564 0.15080789946140036 0.6182212581344902 0.15978456014362658 0.6225596529284165 0.16696588868940754 0.6247288503253796 0.17773788150807898 0.6268980477223427 0.1867145421903052 0.6268980477223427 0.19569120287253142 0.6247288503253796 0.20287253141831238 0.6203904555314533 0.21364452423698385 0.6095444685466378 0.22262118491921004 0.596529284164859 0.22980251346499103 0.579175704989154 0.23159784560143626 0.5704989154013015 0.23159784560143626 0.561822125813449 0.22980251346499103 0.5466377440347071 0.22621184919210055 0.5336225596529284 0.22262118491921004 0.5249457700650759 0.21903052064631956 0.5184381778741866 0.20825852782764812 0.5054229934924078 0.20107719928186715 0.49891540130151846 0.19389587073608616 0.4945770065075922 0.1813285457809695 0.4924078091106291
1 0.17953321364452424 0.7006507592190889 0.16337522441651706 0.7071583514099783 0.1526032315978456 0.7158351409978309 0.1400359066427289 0.7310195227765727 0.13644524236983843 0.7396963123644251 0.13464991023339318 0.754880694143167 0.13464991023339318 0.7744034707158352 0.13644524236983843 0.7852494577006508 0.14183123877917414 0.7982646420824295 0.15798922800718132 0.8177874186550976 0.16337522441651706 0.8221258134490239 0.17055655296229802 0.8264642082429501 0.17594254937163376 0.8286334056399133 0.20107719928186715 0.8286334056399133 0.22980251346499103 0.8134490238611713 0.2333931777378815 0.8091106290672451 0.2333931777378815 0.806941431670282 0.23877917414721722 0.8004338394793926 0.24057450628366248 0.7939262472885033 0.24057450628366248 0.7809110629067245 0.24236983842010773 0.7787418655097614 0.24236983842010773 0.7678958785249458 0.24057450628366248 0.7657266811279827 0.24057450628366248 0.7527114967462039 0.23877917414721722 0.7440347071583514 0.2333931777378815 0.7310195227765727 0.22980251346499103 0.7245119305856833 0.22082585278276481 0.7136659436008677 0.2118491921005386 0.7071583514099783 0.19569120287253142 0.7006507592190889
1 0.34290843806104127 0.7093275488069414 0.32854578096947934 0.7136659436008677 0.3249551166965889 0.7158351409978309 0.3123877917414722 0.7266811279826464 0.30341113105924594 0.7418655097613883 0.2980251346499102 0.754880694143167 0.296229802513465 0.7613882863340564 0.296229802513465 0.7874186550976139 0.2998204667863555 0.7982646420824295 0.3052064631956912 0.8112798264642083 0.3087971274685817 0.8177874186550976 0.31597845601436264 0.8286334056399133 0.3231597845601436 0.8329718004338394 0.3393177737881508 0.8394793926247288 0.3518850987432675 0.841648590021692 0.3590664272890485 0.841648590021692 0.37163375224416517 0.8373101952277657 0.3859964093357271 0.8286334056399133 0.3985637342908438 0.8134490238611713 0.40754039497307004 0.789587852494577 0.40754039497307004 0.7809110629067245 0.40574506283662476 0.7700650759219089 0.4021543985637343 0.7592190889370932 0.3895870736086176 0.7288503253796096 0.3877917414721723 0.7266811279826464 0.3752244165170557 0.7158351409978309 0.36804308797127466 0.7114967462039046 0.3608617594254937 0.7093275488069414
1 0.31597845601436264 0.5119305856832972 0.3105924596050269 0.5184381778741866 0.30341113105924594 0.5314533622559653 0.296229802513465 0.5488069414316703 0.29443447037701975 0.5639913232104121 0.296229802513465 0.5813449023861171 0.3016157989228007 0.5986984815618221 0.3087971274685817 0.6117136659436009 0.31597845601436264 0.6203904555314533 0.3231597845601436 0.6247288503253796 0.3357271095152603 0.6290672451193059 0.34470377019748655 0.631236442516269 0.3590664272890485 0.631236442516269 0.37163375224416517 0.6290672451193059 0.3895870736086176 0.6225596529284165 0.39317773788150806 0.6182212581344902 0.39676840215439857 0.6073752711496746 0.400359066427289 0.5856832971800434 0.400359066427289 0.5704989154013015 0.39676840215439857 0.5574837310195228 0.39676840215439857 0.544468546637744 0.3895870736086176 0.5227765726681128 0.3770197486535009 0.5075921908893709 0.36983842010771995 0.5032537960954447 0.3590664272890485 0.49891540130151846 0.3375224416517056 0.49891540130151846 0.3267504488330341 0.5032537960954447
1 0.3267504488330341 0.2928416485900217 0.3177737881508079 0.2993492407809111 0.3052064631956912 0.31453362255965295 0.2980251346499102 0.3405639913232104 0.296229802513465 0.3557483731019523 0.2980251346499102 0.3774403470715835 0.2998204667863555 0.3882863340563991 0.3016157989228007 0.3926247288503254 0.31597845601436264 0.40997830802603036 0.3231597845601436 0.41431670281995664 0.33213644524236985 0.4164859002169197 0.35368043087971274 0.4164859002169197 0.362657091561939 0.41431670281995664 0.36983842010771995 0.40997830802603036 0.3734290843806104 0.40563991323210413 0.37881508078994613 0.3969631236442516 0.38061041292639136 0.3969631236442516 0.3859964093357271 0.39045553145336226 0.39497307001795334 0.37310195227765725 0.39138240574506283 0.3405639913232104 0.3895870736086176 0.3297180043383948 0.3859964093357271 0.31670281995661603 0.38240574506283664 0.31019522776572667 0.3752244165170557 0.30151843817787416 0.36624775583482944 0.2950108459869848 0.3500897666068223 0.29067245119305857 0.3339317773788151 0.29067245119305857
1 0.3464991023339318 0.10412147505422993 0.3339317773788151 0.10845986984815618 0.3231597845601436 0.11496746203904555 0.3105924596050269 0.1301518438177874 0.30700179533213645 0.13882863340563992 0.30341113105924594 0.15835140997830802 0.3016157989228007 0.17136659436008678 0.3016157989228007 0.19522776572668113 0.30341113105924594 0.2039045553145336 0.3105924596050269 0.21475054229934923 0.3177737881508079 0.22342733188720174 0.3213644524236984 0.22559652928416485 0.3267504488330341 0.22559652928416485 0.34111310592459604 0.23427331887201736 0.35547576301615796 0.23427331887201736 0.3644524236983842 0.227765726681128 0.37163375224416517 0.22559652928416485 0.3752244165170557 0.22125813449023862 0.3752244165170557 0.21908893709327548 0.38061041292639136 0.21258134490238612 0.3877917414721723 0.20607375271149675 0.3895870736086176 0.20607375271149675 0.39317773788150806 0.2017353579175705 0.39497307001795334 0.19088937093275488 0.39497307001795334 0.15184381778741865 0.39317773788150806 0.14099783080260303 0.39138240574506283 0.13449023861171366 0.38420107719928187 0.11713665943600868 0.38240574506283664 0.11496746203904555 0.36983842010771995 0.10845986984815618 0.35547576301615796 0.10412147505422993
1 0.5511669658886894 0.13232104121475055 0.5421903052064632 0.13232104121475055 0.5350089766606823 0.1279826464208243 0.526032315978456 0.1301518438177874 0.5170556552962298 0.12581344902386118 0.473967684021544 0.1301518438177874 0.466786355475763 0.13665943600867678 0.466786355475763 0.14533622559652928 0.4631956912028725 0.15184381778741865 0.4631956912028725 0.175704989154013 0.4649910233393178 0.17787418655097614 0.4649910233393178 0.19522776572668113 0.4757630161579892 0.20607375271149675 0.4757630161579892 0.20824295010845986 0.4865350089766607 0.22125813449023862 0.49730700179533216 0.227765726681128 0.5026929982046678 0.2299349240780911 0.518850987432675 0.2299349240780911 0.5242369838420108 0.227765726681128 0.5278276481149012 0.22342733188720174 0.533213644524237 0.22342733188720174 0.5385996409335727 0.21908893709327548 0.5457809694793537 0.210412147505423 0.547576301615799 0.21258134490238612 0.5547576301615799 0.20607375271149675 0.5583482944344704 0.19522776572668113 0.5583482944344704 0.18872017353579176 0.5637342908438061 0.17787418655097614 0.5637342908438061 0.14967462039045554 0.5547576301615799 0.13665943600867678
1 0.5098743267504489 0.29718004338394793 0.5026929982046678 0.2993492407809111 0.49730700179533216 0.30151843817787416 0.49371633752244165 0.3036876355748373 0.4883303411131059 0.3080260303687636 0.4829443447037702 0.31453362255965295 0.48114901256732495 0.31453362255965295 0.47755834829443444 0.3188720173535792 0.473967684021544 0.32537960954446854 0.4703770197486535 0.33405639913232105 0.46858168761220825 0.3405639913232104 0.466786355475763 0.35357917570498915 0.466786355475763 0.3665943600867679 0.46858168761220825 0.3796095444685466 0.473967684021544 0.3947939262472885 0.4919210053859964 0.4164859002169197 0.4955116696588869 0.41865509761388287 0.5008976660682226 0.420824295010846 0.5278276481149012 0.420824295010846 0.5350089766606823 0.41865509761388287 0.547576301615799 0.4121475054229935 0.5565529622980251 0.40130151843817785 0.5619389587073609 0.3839479392624729 0.5637342908438061 0.3752711496746204 0.5637342908438061 0.3579175704989154 0.5619389587073609 0.35357917570498915 0.5565529622980251 0.3470715835140998 0.5529622980251346 0.3383947939262473 0.5493716337522442 0.32537960954446854 0.5457809694793537 0.3210412147505423 0.5439856373429084 0.31670281995661603 0.5439856373429084 0.3123644251626898 0.5403949730700179 0.3036876355748373 0.533213644524237 0.2993492407809111 0.5278276481149012 0.29718004338394793
1 0.5044883303411131 0.4967462039045553 0.49371633752244165 0.49891540130151846 0.4883303411131059 0.5010845986984815 0.48473967684021546 0.5032537960954447 0.473967684021544 0.5119305856832972 0.46858168761220825 0.5184381778741866 0.4631956912028725 0.5292841648590022 0.4578096947935368 0.5422993492407809 0.45601436265709155 0.5488069414316703 0.45601436265709155 0.5770065075921909 0.45960502692998206 0.5900216919739696 0.4649910233393178 0.6030368763557483 0.46858168761220825 0.6095444685466378 0.473967684021544 0.6160520607375272 0.4793536804308797 0.6203904555314533 0.49371633752244165 0.6268980477223427 0.5062836624775583 0.6290672451193059 0.5134649910233393 0.6290672451193059 0.5152603231597845 0.6268980477223427 0.5242369838420108 0.6268980477223427 0.5296229802513465 0.6247288503253796 0.5457809694793537 0.6117136659436009 0.5493716337522442 0.6073752711496746 0.5547576301615799 0.5943600867678959 0.5583482944344704 0.5770065075921909 0.5583482944344704 0.5574837310195228 0.5529622980251346 0.5314533622559653 0.5457809694793537 0.5140997830802603 0.5403949730700179 0.5075921908893709 0.526032315978456 0.49891540130151846 0.518850987432675 0.4967462039045553
1 0.4919210053859964 0.7136659436008677 0.4829443447037702 0.720173535791757 0.47217235188509876 0.7331887201735358 0.466786355475763 0.7418655097613883 0.4649910233393178 0.7462039045553145 0.4614003590664273 0.7592190889370932 0.4614003590664273 0.7917570498915402 0.4631956912028725 0.7982646420824295 0.46858168761220825 0.8112798264642083 0.473967684021544 0.8199566160520607 0.48114901256732495 0.8286334056399133 0.4865350089766607 0.8329718004338394 0.49371633752244165 0.8373101952277657 0.5026929982046678 0.8394793926247288 0.5314183123877917 0.8394793926247288 0.5403949730700179 0.8373101952277657 0.5457809694793537 0.8308026030368764 0.5493716337522442 0.824295010845987 0.5565529622980251 0.806941431670282 0.5637342908438061 0.7852494577006508 0.5655296229802513 0.7744034707158352 0.5655296229802513 0.7527114967462039 0.5619389587073609 0.7396963123644251 0.5565529622980251 0.7288503253796096 0.5511669658886894 0.7223427331887202 0.5457809694793537 0.7180043383947939 0.533213644524237 0.7114967462039046 0.526032315978456 0.7093275488069414 0.5062836624775583 0.7093275488069414 0.49730700179533216 0.7114967462039046
1 0.6786355475763016 0.7049891540130152 0.6660682226211849 0.7093275488069414 0.651705565529623 0.7180043383947939 0.6391382405745063 0.7331887201735358 0.6337522441651705 0.7462039045553145 0.6319569120287253 0.754880694143167 0.6319569120287253 0.7678958785249458 0.6337522441651705 0.7809110629067245 0.6355475763016158 0.789587852494577 0.6391382405745063 0.7939262472885033 0.6391382405745063 0.7982646420824295 0.644524236983842 0.8091106290672451 0.6535008976660682 0.8177874186550976 0.6624775583482945 0.824295010845987 0.6840215439856373 0.8329718004338394 0.6929982046678635 0.8329718004338394 0.6983842010771992 0.8308026030368764 0.7145421903052065 0.8199566160520607 0.7217235188509874 0.8112798264642083 0.7289048473967684 0.8091106290672451 0.7324955116696589 0.8047722342733189 0.7342908438061041 0.8004338394793926 0.7360861759425493 0.789587852494577 0.7360861759425493 0.7744034707158352 0.7378815080789947 0.7722342733188721 0.7378815080789947 0.7592190889370932 0.7360861759425493 0.7462039045553145 0.7324955116696589 0.735357917570499 0.7289048473967684 0.7288503253796096 0.7235188509874326 0.7223427331887202 0.7217235188509874 0.7223427331887202 0.7145421903052065 0.7136659436008677 0.703770197486535 0.7071583514099783 0.6983842010771992 0.7049891540130152
1 0.6732495511669659 0.4967462039045553 0.6660682226211849 0.49891540130151846 0.651705565529623 0.5075921908893709 0.6391382405745063 0.5227765726681128 0.6355475763016158 0.5292841648590022 0.6337522441651705 0.5336225596529284 0.6319569120287253 0.5401301518438177 0.63016157989228 0.5553145336225597 0.63016157989228 0.5683297180043384 0.6319569120287253 0.5770065075921909 0.6355475763016158 0.5900216919739696 0.6409335727109515 0.6008676789587852 0.6499102333931778 0.6117136659436009 0.6552962298025135 0.6160520607375272 0.6660682226211849 0.6225596529284165 0.6750448833034112 0.6247288503253796 0.6876122082585279 0.6247288503253796 0.7019748653500898 0.6203904555314533 0.7055655296229802 0.6182212581344902 0.7073608617594255 0.6160520607375272 0.7073608617594255 0.613882863340564 0.7109515260323159 0.6073752711496746 0.718132854578097 0.5986984815618221 0.725314183123878 0.5856832971800434 0.7271095152603232 0.5813449023861171 0.7271095152603232 0.5488069414316703 0.725314183123878 0.5336225596529284 0.7235188509874326 0.527114967462039 0.718132854578097 0.5140997830802603 0.7109515260323159 0.5054229934924078 0.7019748653500898 0.49891540130151846 0.6947935368043088 0.4967462039045553
1 0.6535008976660682 0.30585683297180044 0.6463195691202872 0.31019522776572667 0.6373429084380611 0.31670281995661603 0.6283662477558348 0.3275488069414317 0.6229802513464991 0.3405639913232104 0.6193895870736086 0.3579175704989154 0.6193895870736086 0.38611713665943603 0.6211849192100538 0.3926247288503254 0.6247755834829444 0.3969631236442516 0.6247755834829444 0.40130151843817785 0.6265709156193896 0.40563991323210413 0.6319569120287253 0.4121475054229935 0.6355475763016158 0.4121475054229935 0.6409335727109515 0.4164859002169197 0.6499102333931778 0.42516268980477223 0.6606822262118492 0.4316702819956616 0.6822262118491921 0.4316702819956616 0.6858168761220825 0.42950108459869846 0.6912028725314183 0.4229934924078091 0.6947935368043088 0.420824295010846 0.6983842010771992 0.420824295010846 0.7019748653500898 0.41865509761388287 0.7091561938958707 0.40997830802603036 0.7163375224416517 0.3969631236442516 0.718132854578097 0.3926247288503254 0.7199281867145422 0.3839479392624729 0.7199281867145422 0.3579175704989154 0.718132854578097 0.3470715835140998 0.7145421903052065 0.3383947939262473 0.7073608617594255 0.3297180043383948 0.703770197486535 0.3210412147505423 0.7001795332136446 0.31670281995661603 0.6983842010771992 0.31670281995661603 0.6929982046678635 0.31019522776572667 0.6822262118491921 0.30585683297180044 0.6750448833034112 0.3036876355748373 0.6624775583482945 0.3036876355748373
1 0.718132854578097 0.12581344902386118 0.7145421903052065 0.12364425162689804 0.7091561938958707 0.12147505422993492 0.7001795332136446 0.12364425162689804 0.696588868940754 0.12147505422993492 0.6642728904847397 0.12581344902386118 0.6588868940754039 0.1279826464208243 0.6463195691202872 0.13449023861171366 0.6409335727109515 0.14099783080260303 0.6391382405745063 0.15184381778741865 0.6391382405745063 0.1735357917570499 0.6427289048473968 0.18004338394793926 0.6427289048473968 0.18655097613882862 0.644524236983842 0.19305856832971802 0.6481149012567325 0.2017353579175705 0.6570915619389587 0.21691973969631237 0.6642728904847397 0.22559652928416485 0.6750448833034112 0.227765726681128 0.6983842010771992 0.22559652928416485 0.703770197486535 0.227765726681128 0.7073608617594255 0.22342733188720174 0.7199281867145422 0.19522776572668113 0.7271095152603232 0.17787418655097614 0.7289048473967684 0.16919739696312364 0.7289048473967684 0.14533622559652928 0.7271095152603232 0.13882863340563992 0.725314183123878 0.13449023861171366
1 0.8797127468581688 0.29718004338394793 0.8509874326750448 0.29718004338394793 0.8456014362657092 0.2993492407809111 0.8348294434470377 0.30585683297180044 0.8276481149012568 0.3123644251626898 0.8168761220825853 0.32537960954446854 0.8114901256732495 0.33405639913232105 0.8096947935368043 0.3383947939262473 0.8078994614003591 0.34490238611713664 0.8078994614003591 0.3644251626898048 0.8114901256732495 0.37093275488069416 0.8114901256732495 0.3774403470715835 0.8168761220825853 0.3839479392624729 0.8204667863554758 0.3969631236442516 0.8366247755834829 0.41431670281995664 0.8402154398563735 0.4164859002169197 0.8509874326750448 0.420824295010846 0.8635547576301615 0.420824295010846 0.8707360861759426 0.41865509761388287 0.874326750448833 0.4164859002169197 0.8779174147217235 0.4121475054229935 0.881508078994614 0.4121475054229935 0.8868940754039497 0.40563991323210413 0.8922800718132855 0.403470715835141 0.9066427289048474 0.38611713665943603 0.9102333931777379 0.3774403470715835 0.9138240574506283 0.3644251626898048 0.9138240574506283 0.3405639913232104 0.9102333931777379 0.32537960954446854 0.9084380610412927 0.3210412147505423 0.895870736086176 0.30585683297180044 0.8868940754039497 0.2993492407809111
1 0.8240574506283662 0.4924078091106291 0.8132854578096947 0.4967462039045553 0.8043087971274686 0.5032537960954447 0.7989228007181328 0.5097613882863341 0.7989228007181328 0.5119305856832972 0.7917414721723519 0.5206073752711496 0.7863554757630161 0.5336225596529284 0.7845601436265709 0.5401301518438177 0.7827648114901257 0.5553145336225597 0.7827648114901257 0.5683297180043384 0.7845601436265709 0.5748373101952278 0.7881508078994613 0.5835140997830802 0.7935368043087971 0.5921908893709328 0.8078994614003591 0.6095444685466378 0.8132854578096947 0.613882863340564 0.8168761220825853 0.6160520607375272 0.8276481149012568 0.6203904555314533 0.8438061041292639 0.6203904555314533 0.8527827648114902 0.6182212581344902 0.8617594254937163 0.613882863340564 0.8707360861759426 0.6052060737527115 0.8797127468581688 0.5943600867678959 0.8833034111310593 0.5878524945770065 0.8850987432675045 0.5835140997830802 0.8886894075403949 0.5704989154013015 0.8886894075403949 0.5336225596529284 0.8868940754039497 0.527114967462039 0.8833034111310593 0.5184381778741866 0.8779174147217235 0.5119305856832972 0.874326750448833 0.5097613882863341 0.8707360861759426 0.5097613882863341 0.8635547576301615 0.5010845986984815 0.8581687612208259 0.4967462039045553 0.8491921005385996 0.4924078091106291
1 0.8366247755834829 0.6963123644251626 0.829443447037702 0.6984815618221258 0.8150807899461401 0.7071583514099783 0.8061041292639138 0.7158351409978309 0.7953321364452424 0.7331887201735358 0.7935368043087971 0.737527114967462 0.7917414721723519 0.7483731019522777 0.7899461400359067 0.7527114967462039 0.7917414721723519 0.7678958785249458 0.7953321364452424 0.7744034707158352 0.7953321364452424 0.7809110629067245 0.7971274685816876 0.7874186550976139 0.800718132854578 0.7960954446854663 0.8096947935368043 0.8091106290672451 0.8150807899461401 0.8134490238611713 0.8330341113105925 0.824295010845987 0.8384201077199281 0.824295010845987 0.8438061041292639 0.8286334056399133 0.8491921005385996 0.8286334056399133 0.8725314183123878 0.8177874186550976 0.8797127468581688 0.8177874186550976 0.8833034111310593 0.8156182212581344 0.8886894075403949 0.8091106290672451 0.8922800718132855 0.7960954446854663 0.8922800718132855 0.7852494577006508 0.895870736086176 0.7744034707158352 0.895870736086176 0.7440347071583514 0.8922800718132855 0.7288503253796096 0.8886894075403949 0.7223427331887202 0.8797127468581688 0.7114967462039046 0.874326750448833 0.7071583514099783 0.8545780969479354 0.6984815618221258 0.8456014362657092 0.6963123644251626
