2 0.2995658465991317 0.061837455830388695 0.28798842257597684 0.06890459363957598 0.2821997105643994 0.07420494699646643 0.26772793053545585 0.09187279151943463 0.26049204052098407 0.10954063604240283 0.2575976845151954 0.12190812720848057 0.2575976845151954 0.15901060070671377 0.26049204052098407 0.17137809187279152 0.2662807525325615 0.18904593639575973 0.2691751085383502 0.19434628975265017 0.28364688856729375 0.21201413427561838 0.3068017366136035 0.22968197879858657 0.3227206946454414 0.23674911660777384 0.34876989869753977 0.23674911660777384 0.35600578871201155 0.23498233215547704 0.36034732272069464 0.2314487632508834 0.36468885672937773 0.2314487632508834 0.37337192474674386 0.22614840989399293 0.3849493487698987 0.21731448763250882 0.39652677279305354 0.20318021201413428 0.40086830680173663 0.196113074204947 0.40520984081041966 0.1855123674911661 0.40955137481910275 0.17137809187279152 0.41244573082489144 0.15724381625441697 0.41244573082489144 0.1431095406360424 0.40955137481910275 0.12190812720848057 0.40520984081041966 0.10600706713780919 0.40086830680173663 0.0989399293286219 0.38639652677279307 0.08303886925795052 0.37771345875542695 0.07597173144876325 0.361794500723589 0.06537102473498234 0.34876989869753977 0.06007067137809187 0.34008683068017365 0.06007067137809187 0.3342981186685962 0.05653710247349823 0.3183791606367583 0.05653710247349823
2 0.4630969609261939 0.06537102473498234 0.4515195369030391 0.07420494699646643 0.44138929088277856 0.08480565371024736 0.43270622286541244 0.10070671378091872 0.4283646888567294 0.11130742049469965 0.42547033285094066 0.12190812720848057 0.42547033285094066 0.15371024734982333 0.4283646888567294 0.17137809187279152 0.43270622286541244 0.1872791519434629 0.4370477568740955 0.19434628975265017 0.44862518089725034 0.20848056537102475 0.467438494934877 0.22438162544169613 0.4833574529667149 0.2332155477031802 0.49493487698986977 0.23674911660777384 0.5180897250361794 0.23674911660777384 0.5267727930535456 0.23498233215547704 0.5426917510853835 0.22791519434628976 0.5542691751085383 0.21908127208480566 0.5629522431259045 0.20848056537102475 0.5701881331403763 0.1978798586572438 0.5774240231548481 0.18197879858657243 0.5788712011577424 0.17667844522968199 0.5803183791606368 0.16784452296819788 0.5803183791606368 0.13250883392226148 0.5774240231548481 0.11837455830388692 0.5745296671490593 0.11484098939929328 0.5745296671490593 0.11130742049469965 0.573082489146165 0.10777385159010601 0.552821997105644 0.08303886925795052 0.532561505065123 0.06713780918727916 0.5224312590448625 0.061837455830388695 0.507959479015919 0.05830388692579505 0.48480463096960924 0.05830388692579505 0.4717800289435601 0.061837455830388695
2 0.6512301013024602 0.053003533568904596 0.6338639652677279 0.06007067137809187 0.6251808972503617 0.06537102473498234 0.6150506512301013 0.07420494699646643 0.6063675832127352 0.08657243816254417 0.5962373371924746 0.10954063604240283 0.5933429811866859 0.12367491166077739 0.5933429811866859 0.15901060070671377 0.5962373371924746 0.1696113074204947 0.5991316931982634 0.17667844522968199 0.6078147612156295 0.19081272084805653 0.6092619392185239 0.196113074204947 0.6121562952243126 0.20141342756183744 0.6150506512301013 0.2049469964664311 0.6164978292329957 0.2049469964664311 0.6208393632416788 0.21024734982332155 0.6353111432706223 0.2226148409893993 0.638205499276411 0.22438162544169613 0.6410998552821997 0.22438162544169613 0.6439942112879884 0.22791519434628976 0.6512301013024602 0.2314487632508834 0.6816208393632417 0.2314487632508834 0.6946454413892909 0.22614840989399293 0.7091172214182344 0.21731448763250882 0.7221418234442837 0.2067137809187279 0.7322720694645442 0.19434628975265017 0.7409551374819102 0.17491166077738515 0.743849493487699 0.16431095406360424 0.7452966714905933 0.15547703180212014 0.7452966714905933 0.12897526501766785 0.743849493487699 0.12014134275618374 0.7395079594790159 0.10954063604240283 0.7293777134587555 0.09187279151943463 0.7134587554269175 0.07243816254416961 0.7062228654124457 0.06537102473498234 0.6903039073806078 0.05653710247349823 0.6816208393632417 0.053003533568904596 0.6743849493487699 0.05123674911660778 0.6599131693198264 0.05123674911660778
2 0.829232995658466 0.04770318021201413 0.8219971056439942 0.04946996466431095 0.8133140376266281 0.053003533568904596 0.7916063675832128 0.06537102473498234 0.784370477568741 0.07243816254416961 0.7771345875542692 0.08303886925795052 0.7713458755426917 0.09363957597173145 0.7655571635311144 0.10954063604240283 0.76410998552822 0.12014134275618374 0.76410998552822 0.14487632508833923 0.768451519536903 0.16607773851590105 0.7727930535455861 0.17667844522968199 0.784370477568741 0.19964664310954064 0.7930535455861071 0.21024734982332155 0.7973950795947902 0.2137809187279152 0.8118668596237337 0.2226148409893993 0.8234442836468886 0.22791519434628976 0.8350217076700435 0.22968197879858657 0.85383502170767 0.22791519434628976 0.869753979739508 0.2226148409893993 0.8784370477568741 0.21731448763250882 0.8827785817655571 0.2137809187279152 0.8972503617945007 0.1978798586572438 0.9044862518089725 0.1872791519434629 0.9117221418234442 0.16784452296819788 0.914616497829233 0.1501766784452297 0.914616497829233 0.13250883392226148 0.9131693198263386 0.1254416961130742 0.9044862518089725 0.0989399293286219 0.9001447178002895 0.09010600706713781 0.8856729377713459 0.07243816254416961 0.8755426917510853 0.0636042402826855 0.8610709117221418 0.054770318021201414 0.849493487698987 0.04946996466431095 0.8408104196816208 0.04770318021201413
2 0.12735166425470332 0.2756183745583039 0.11866859623733719 0.2826855123674912 0.10564399421128799 0.2968197879858657 0.10130246020260492 0.303886925795053 0.09696092619392185 0.31448763250883394 0.09696092619392185 0.3197879858657244 0.09406657018813314 0.3250883392226148 0.09261939218523878 0.3303886925795053 0.09117221418234443 0.34275618374558303 0.09117221418234443 0.37279151943462896 0.09406657018813314 0.3869257950530035 0.09840810419681621 0.39752650176678445 0.10419681620839363 0.4081272084805654 0.1085383502170767 0.4134275618374558 0.10998552821997105 0.4134275618374558 0.11577424023154848 0.4204946996466431 0.12156295224312591 0.42579505300353354 0.14327062228654125 0.4381625441696113 0.15195369030390737 0.4416961130742049 0.16063675832127353 0.44346289752650175 0.18668596237337193 0.44346289752650175 0.19536903039073805 0.4416961130742049 0.20839363241678727 0.4363957597173145 0.22286541244573083 0.42579505300353354 0.23444283646888567 0.411660777385159 0.24167872648335745 0.3992932862190813 0.24457308248914617 0.392226148409894 0.24891461649782923 0.36925795053003535 0.24891461649782923 0.34452296819787986 0.2460202604920405 0.3303886925795053 0.24312590448625182 0.3215547703180212 0.23444283646888567 0.30565371024734983 0.22575976845151954 0.2950530035335689 0.2040520984081042 0.2773851590106007 0.19247467438494936 0.27208480565371024 0.18668596237337193 0.27208480565371024 0.17655571635311143 0.2667844522968198 0.15340086830680175 0.2667844522968198 0.13748191027496381 0.2703180212014134
2 0.829232995658466 0.25618374558303886 0.8162083936324168 0.2597173144876325 0.804630969609262 0.26501766784452296 0.8002894356005789 0.2703180212014134 0.7973950795947902 0.27208480565371024 0.7945007235890015 0.27208480565371024 0.7901591895803184 0.2756183745583039 0.784370477568741 0.2826855123674912 0.784370477568741 0.284452296819788 0.7785817655571635 0.28975265017667845 0.7727930535455861 0.30212014134275617 0.7655571635311144 0.3286219081272085 0.7655571635311144 0.3586572438162544 0.7698986975397974 0.37809187279151946 0.7742402315484804 0.38869257950530034 0.784370477568741 0.40636042402826855 0.7973950795947902 0.42226148409893993 0.804630969609262 0.4275618374558304 0.8147612156295224 0.43286219081272087 0.8321273516642547 0.4381625441696113 0.8422575976845152 0.4381625441696113 0.8509406657018813 0.4363957597173145 0.8552821997105644 0.43286219081272087 0.8596237337192475 0.43286219081272087 0.874095513748191 0.42402826855123676 0.8958031837916064 0.4045936395759717 0.9015918958031838 0.39752650176678445 0.9088277858176556 0.3763250883392226 0.9131693198263386 0.3586572438162544 0.914616497829233 0.3392226148409894 0.9131693198263386 0.3250883392226148 0.9117221418234442 0.31802120141342755 0.9088277858176556 0.3127208480565371 0.9088277858176556 0.30742049469964666 0.9059334298118669 0.29858657243816256 0.8871201157742402 0.2756183745583039 0.8798842257597684 0.2703180212014134 0.8769898697539797 0.2703180212014134 0.874095513748191 0.26855123674911663 0.8712011577424024 0.26501766784452296 0.8610709117221418 0.2597173144876325 0.8480463096960926 0.25618374558303886
2 0.1316931982633864 0.48056537102473496 0.11577424023154848 0.4911660777385159 0.10274963820549927 0.5070671378091873 0.09261939218523878 0.5265017667844523 0.09261939218523878 0.5318021201413428 0.08972503617945007 0.5371024734982333 0.08827785817655572 0.5477031802120141 0.08827785817655572 0.5706713780918727 0.08972503617945007 0.5830388692579506 0.09261939218523878 0.5954063604240283 0.09840810419681621 0.6095406360424028 0.1085383502170767 0.6236749116607774 0.10998552821997105 0.6236749116607774 0.12301013024602026 0.6360424028268551 0.1345875542691751 0.6431095406360424 0.14905933429811866 0.6484098939929329 0.1649782923299566 0.6501766784452296 0.17510853835021709 0.6501766784452296 0.18668596237337193 0.6484098939929329 0.2040520984081042 0.6413427561837456 0.21562952243125905 0.6342756183745583 0.22286541244573083 0.627208480565371 0.22865412445730826 0.6201413427561837 0.23299565846599132 0.6130742049469965 0.23444283646888567 0.6095406360424028 0.23444283646888567 0.6060070671378092 0.2402315484804631 0.5954063604240283 0.24457308248914617 0.5777385159010601 0.24457308248914617 0.5459363957597173 0.2402315484804631 0.5282685512367491 0.23299565846599132 0.5123674911660777 0.22286541244573083 0.5 0.21273516642547033 0.4911660777385159 0.1939218523878437 0.48056537102473496 0.18813314037626627 0.48056537102473496 0.17800289435600578 0.4752650176678445 0.16642547033285093 0.4734982332155477 0.15629522431259044 0.4734982332155477 0.14037626628075253 0.47703180212014135 0.13603473227206947 0.48056537102473496
2 0.3068017366136035 0.4752650176678445 0.28798842257597684 0.48586572438162545 0.2691751085383502 0.5070671378091873 0.26483357452966716 0.5159010600706714 0.26049204052098407 0.5265017667844523 0.25615050651230103 0.5441696113074205 0.25615050651230103 0.5724381625441696 0.2590448625180897 0.5865724381625441 0.2633863965267728 0.5954063604240283 0.26483357452966716 0.6042402826855123 0.2691751085383502 0.6148409893992933 0.2793053545586107 0.627208480565371 0.29232995658465993 0.6360424028268551 0.3096960926193922 0.6466431095406361 0.3154848046309696 0.6484098939929329 0.3299565846599132 0.6501766784452296 0.34876989869753977 0.6484098939929329 0.3545586107091172 0.6466431095406361 0.3675832127351664 0.6378091872791519 0.3704775687409551 0.6378091872791519 0.37337192474674386 0.6360424028268551 0.37626628075253254 0.6307420494699647 0.38060781476121563 0.6289752650176679 0.3878437047756874 0.6219081272084805 0.3979739507959479 0.6095406360424028 0.40520984081041966 0.598939929328622 0.4109985528219971 0.5812720848056537 0.41389290882778584 0.568904593639576 0.41389290882778584 0.5565371024734982 0.41244573082489144 0.5441696113074205 0.40955137481910275 0.5318021201413428 0.40520984081041966 0.5212014134275619 0.40086830680173663 0.5159010600706714 0.3994211287988423 0.5106007067137809 0.3921852387843705 0.5017667844522968 0.3849493487698987 0.49469964664310956 0.3704775687409551 0.4840989399293286 0.36324167872648333 0.48056537102473496 0.35745296671490595 0.48056537102473496 0.35021707670043417 0.4752650176678445 0.3429811866859624 0.4734982332155477 0.3140376266280753 0.4734982332155477
2 0.4732272069464544 0.4752650176678445 0.4630969609261939 0.48056537102473496 0.44862518089725034 0.4929328621908127 0.44138929088277856 0.5017667844522968 0.43270622286541244 0.5159010600706714 0.4283646888567294 0.5265017667844523 0.42547033285094066 0.5388692579505301 0.42547033285094066 0.5724381625441696 0.42981186685962375 0.5901060070671378 0.4370477568740955 0.607773851590106 0.44138929088277856 0.6148409893992933 0.45296671490593343 0.6289752650176679 0.4573082489146165 0.6325088339222615 0.4602026049204052 0.6325088339222615 0.4630969609261939 0.6360424028268551 0.487698986975398 0.6484098939929329 0.5007235890014472 0.6501766784452296 0.516642547033285 0.6484098939929329 0.5267727930535456 0.6448763250883393 0.5354558610709117 0.6378091872791519 0.5383502170767004 0.6378091872791519 0.552821997105644 0.627208480565371 0.5615050651230101 0.6166077738515902 0.5629522431259045 0.6113074204946997 0.5687409551374819 0.6042402826855123 0.5716353111432706 0.598939929328622 0.5716353111432706 0.5954063604240283 0.5745296671490593 0.5918727915194346 0.5759768451519537 0.588339222614841 0.5774240231548481 0.5812720848056537 0.5774240231548481 0.5406360424028268 0.573082489146165 0.5247349823321554 0.5643994211287988 0.5070671378091873 0.5542691751085383 0.49469964664310956 0.5455861070911722 0.4876325088339223 0.5340086830680174 0.48056537102473496 0.5224312590448625 0.4752650176678445 0.507959479015919 0.4717314487632509 0.487698986975398 0.4717314487632509
2 0.6483357452966715 0.46996466431095407 0.638205499276411 0.4734982332155477 0.622286541244573 0.4840989399293286 0.6164978292329957 0.48939929328621906 0.6063675832127352 0.5017667844522968 0.6020260492040521 0.508833922261484 0.597684515195369 0.519434628975265 0.5933429811866859 0.5388692579505301 0.5918958031837916 0.558303886925795 0.5933429811866859 0.5795053003533569 0.5991316931982634 0.5971731448763251 0.6092619392185239 0.6148409893992933 0.6164978292329957 0.6236749116607774 0.6309696092619392 0.6360424028268551 0.6410998552821997 0.6413427561837456 0.6570188133140377 0.6466431095406361 0.6772793053545586 0.6466431095406361 0.6888567293777135 0.6431095406360424 0.6989869753979739 0.6378091872791519 0.7047756874095513 0.6307420494699647 0.7091172214182344 0.6289752650176679 0.7206946454413893 0.6130742049469965 0.7351664254703328 0.5971731448763251 0.7424023154848046 0.5865724381625441 0.7452966714905933 0.5777385159010601 0.7467438494934877 0.568904593639576 0.7467438494934877 0.5406360424028268 0.7452966714905933 0.5318021201413428 0.7424023154848046 0.5212014134275619 0.7351664254703328 0.5053003533568905 0.7250361794500724 0.4929328621908127 0.7163531114327062 0.4840989399293286 0.7076700434153401 0.48056537102473496 0.7047756874095513 0.47703180212014135 0.6816208393632417 0.46819787985865724 0.6599131693198264 0.46819787985865724
2 0.8321273516642547 0.4628975265017668 0.8176555716353111 0.4664310954063604 0.808972503617945 0.46996466431095407 0.8031837916063675 0.4734982332155477 0.7988422575976846 0.4787985865724382 0.7916063675832128 0.4823321554770318 0.7771345875542692 0.5 0.7727930535455861 0.5106007067137809 0.768451519536903 0.5265017667844523 0.7655571635311144 0.5512367491166078 0.7655571635311144 0.5600706713780919 0.768451519536903 0.5777385159010601 0.7742402315484804 0.5954063604240283 0.7814761215629522 0.6113074204946997 0.7959479015918958 0.6289752650176679 0.804630969609262 0.6342756183745583 0.8234442836468886 0.6413427561837456 0.8480463096960926 0.6413427561837456 0.8596237337192475 0.6378091872791519 0.8726483357452967 0.6307420494699647 0.8827785817655571 0.6219081272084805 0.894356005788712 0.607773851590106 0.9044862518089725 0.5901060070671378 0.9059334298118669 0.5865724381625441 0.9073806078147613 0.5777385159010601 0.9117221418234442 0.568904593639576 0.9160636758321273 0.549469964664311 0.9160636758321273 0.5388692579505301 0.9117221418234442 0.5176678445229682 0.9088277858176556 0.508833922261484 0.9059334298118669 0.5035335689045937 0.8929088277858177 0.48586572438162545 0.8813314037626628 0.47703180212014135 0.8726483357452967 0.4717314487632509 0.8610709117221418 0.4664310954063604 0.8465991316931982 0.4628975265017668
2 0.1808972503617945 0.6784452296819788 0.16208393632416787 0.6784452296819788 0.15050651230101303 0.6802120141342756 0.1345875542691751 0.6855123674911661 0.11722141823444283 0.6978798586572438 0.10564399421128799 0.7102473498233216 0.09696092619392185 0.7243816254416962 0.09261939218523878 0.7385159010600707 0.08972503617945007 0.7544169611307421 0.08972503617945007 0.7773851590106007 0.09117221418234443 0.7879858657243817 0.09696092619392185 0.8056537102473498 0.10709117221418235 0.823321554770318 0.12590448625180897 0.842756183745583 0.13603473227206947 0.8480565371024735 0.1476121562952243 0.8515901060070671 0.16208393632416787 0.8533568904593639 0.17800289435600578 0.8515901060070671 0.19536903039073805 0.8462897526501767 0.2011577424023155 0.842756183745583 0.20549927641099855 0.8374558303886925 0.2170767004341534 0.8303886925795053 0.2272069464544139 0.8215547703180212 0.23589001447178004 0.8109540636042403 0.24167872648335745 0.8003533568904594 0.24457308248914617 0.7915194346289752 0.24746743849493488 0.7720848056537103 0.24746743849493488 0.7491166077738516 0.2460202604920405 0.7402826855123675 0.24312590448625182 0.7296819787985865 0.2402315484804631 0.7226148409893993 0.23444283646888567 0.7120141342756183 0.22286541244573083 0.6978798586572438 0.2141823444283647 0.6908127208480566 0.20549927641099855 0.6855123674911661 0.18958031837916064 0.6802120141342756
2 0.32850940665701883 0.6784452296819788 0.32706222865412443 0.6802120141342756 0.3154848046309696 0.6802120141342756 0.30101302460202606 0.6855123674911661 0.2981186685962373 0.6890459363957597 0.2894356005788712 0.6925795053003534 0.28509406657018815 0.696113074204947 0.2691751085383502 0.715547703180212 0.2662807525325615 0.7208480565371025 0.2619392185238784 0.7332155477031802 0.2575976845151954 0.7544169611307421 0.2575976845151954 0.7809187279151943 0.2590448625180897 0.7897526501766784 0.26483357452966716 0.8091872791519434 0.2691751085383502 0.8180212014134276 0.2735166425470333 0.8250883392226148 0.2793053545586107 0.8321554770318021 0.2865412445730825 0.8392226148409894 0.30390738060781475 0.8498233215547704 0.30824891461649784 0.8515901060070671 0.3256150506512301 0.8551236749116607 0.3357452966714906 0.8551236749116607 0.33719247467438496 0.8533568904593639 0.34876989869753977 0.8533568904593639 0.3545586107091172 0.8515901060070671 0.3661360347322721 0.8445229681978799 0.37771345875542695 0.8356890459363958 0.38205499276411 0.8303886925795053 0.3835021707670043 0.8303886925795053 0.38639652677279307 0.8268551236749117 0.3907380607814761 0.8162544169611308 0.3950795947901592 0.8091872791519434 0.4037626628075253 0.8003533568904594 0.40665701881331406 0.7950530035335689 0.41244573082489144 0.7791519434628975 0.41389290882778584 0.7597173144876325 0.41244573082489144 0.7455830388692579 0.40520984081041966 0.7208480565371025 0.402315484804631 0.715547703180212 0.39363241678726485 0.7049469964664311 0.3878437047756874 0.6996466431095406 0.36324167872648333 0.6855123674911661 0.35021707670043417 0.6802120141342756 0.3386396526772793 0.6784452296819788
2 0.48625180897250364 0.676678445229682 0.47467438494934877 0.6802120141342756 0.4602026049204052 0.6872791519434629 0.44862518089725034 0.696113074204947 0.4356005788712012 0.7120141342756183 0.43270622286541244 0.7173144876325088 0.42547033285094066 0.734982332155477 0.4240231548480463 0.7455830388692579 0.42257597684515197 0.7720848056537103 0.4240231548480463 0.773851590106007 0.4240231548480463 0.7826855123674912 0.42547033285094066 0.7915194346289752 0.42981186685962375 0.803886925795053 0.4384949348769899 0.8197879858657244 0.45007235890014474 0.833922261484099 0.4544138929088278 0.8374558303886925 0.4732272069464544 0.8480565371024735 0.487698986975398 0.8515901060070671 0.507959479015919 0.8515901060070671 0.5253256150506512 0.8462897526501767 0.5340086830680174 0.8392226148409894 0.5397973950795948 0.8374558303886925 0.5455861070911722 0.833922261484099 0.552821997105644 0.8268551236749117 0.5600578871201157 0.8162544169611308 0.5643994211287988 0.8074204946996466 0.5643994211287988 0.803886925795053 0.5672937771345875 0.8003533568904594 0.573082489146165 0.784452296819788 0.5759768451519537 0.773851590106007 0.5759768451519537 0.7544169611307421 0.5716353111432706 0.7314487632508834 0.5687409551374819 0.7243816254416962 0.5615050651230101 0.7102473498233216 0.5499276410998553 0.696113074204947 0.5455861070911722 0.6925795053003534 0.5282199710564399 0.6819787985865724 0.5137481910274964 0.676678445229682 0.5021707670043415 0.6749116607773852
2 0.658465991316932 0.676678445229682 0.6512301013024602 0.6784452296819788 0.6353111432706223 0.6855123674911661 0.6208393632416788 0.696113074204947 0.6092619392185239 0.7102473498233216 0.5991316931982634 0.7296819787985865 0.5962373371924746 0.7385159010600707 0.5947901591895803 0.7491166077738516 0.5933429811866859 0.7703180212014135 0.5962373371924746 0.7932862190812721 0.6005788712011577 0.8056537102473498 0.6049204052098408 0.8109540636042403 0.6063675832127352 0.8162544169611308 0.6107091172214182 0.823321554770318 0.622286541244573 0.8374558303886925 0.6266280752532561 0.8409893992932862 0.6454413892908828 0.8515901060070671 0.6526772793053546 0.8533568904593639 0.6816208393632417 0.8533568904593639 0.6888567293777135 0.8515901060070671 0.6989869753979739 0.8462897526501767 0.7149059334298119 0.833922261484099 0.7192474674384949 0.8286219081272085 0.7264833574529667 0.8162544169611308 0.743849493487699 0.7968197879858657 0.748191027496382 0.7809187279151943 0.7496382054992764 0.7579505300353356 0.748191027496382 0.7491166077738516 0.7452966714905933 0.7438162544169611 0.743849493487699 0.7332155477031802 0.7395079594790159 0.7190812720848057 0.7337192474674384 0.7084805653710248 0.7192474674384949 0.6908127208480566 0.7120115774240231 0.6855123674911661 0.703328509406657 0.6819787985865724 0.6903039073806078 0.6784452296819788 0.6801736613603473 0.676678445229682
