1 0.1813285457809695 0.09544468546637744 0.17235188509874327 0.09978308026030369 0.1687612208258528 0.10629067245119306 0.16337522441651706 0.10845986984815618 0.1526032315978456 0.11713665943600868 0.1436265709156194 0.1279826464208243 0.1400359066427289 0.13449023861171366 0.13644524236983843 0.14316702819956617 0.13464991023339318 0.15184381778741865 0.13464991023339318 0.16702819956616052 0.1400359066427289 0.19305856832971802 0.1436265709156194 0.2039045553145336 0.15080789946140036 0.21691973969631237 0.15978456014362658 0.227765726681128 0.1741472172351885 0.2386117136659436 0.1867145421903052 0.24295010845986983 0.1992818671454219 0.24295010845986983 0.2244165170556553 0.21908893709327548 0.22800718132854578 0.21475054229934923 0.22800718132854578 0.21258134490238612 0.2333931777378815 0.20607375271149675 0.23518850987432674 0.2017353579175705 0.23518850987432674 0.14316702819956617 0.2333931777378815 0.13665943600867678 0.22800718132854578 0.1279826464208243 0.21903052064631956 0.1193058568329718 0.21364452423698385 0.11713665943600868 0.20825852782764812 0.11062906724511931 0.20287253141831238 0.10629067245119306 0.19569120287253142 0.1019522776572668 0.19030520646319568 0.1019522776572668
1 0.1813285457809695 0.3080260303687636 0.1741472172351885 0.3080260303687636 0.15978456014362658 0.31019522776572667 0.1526032315978456 0.3123644251626898 0.14542190305206462 0.31670281995661603 0.1400359066427289 0.3210412147505423 0.13644524236983843 0.3275488069414317 0.13285457809694792 0.3362255965292842 0.12926391382405744 0.3492407809110629 0.12746858168761221 0.3774403470715835 0.12926391382405744 0.3926247288503254 0.13644524236983843 0.40997830802603036 0.1436265709156194 0.420824295010846 0.1526032315978456 0.4316702819956616 0.15978456014362658 0.4360086767895879 0.1687612208258528 0.43817787418655096 0.17235188509874327 0.43817787418655096 0.1867145421903052 0.4360086767895879 0.19210053859964094 0.43383947939262474 0.19569120287253142 0.4316702819956616 0.21005385996409337 0.41865509761388287 0.21543985637342908 0.4121475054229935 0.21903052064631956 0.403470715835141 0.2244165170556553 0.38611713665943603 0.22621184919210055 0.37310195227765725 0.2244165170556553 0.36225596529284165 0.22082585278276481 0.3492407809110629 0.21723518850987433 0.3383947939262473 0.21364452423698385 0.3297180043383948 0.20466786355475763 0.3188720173535792 0.1992818671454219 0.31453362255965295 0.19569120287253142 0.3123644251626898 0.19030520646319568 0.31019522776572667
1 0.1687612208258528 0.5010845986984815 0.1615798922800718 0.5054229934924078 0.15439856373429084 0.5119305856832972 0.1490125673249551 0.5184381778741866 0.1436265709156194 0.5314533622559653 0.1400359066427289 0.5488069414316703 0.1400359066427289 0.5748373101952278 0.14183123877917414 0.5878524945770065 0.1436265709156194 0.5943600867678959 0.1490125673249551 0.6052060737527115 0.1526032315978456 0.6095444685466378 0.16337522441651706 0.6203904555314533 0.16696588868940754 0.6225596529284165 0.18312387791741472 0.6268980477223427 0.20107719928186715 0.6268980477223427 0.2118491921005386 0.6225596529284165 0.21543985637342908 0.6203904555314533 0.22980251346499103 0.6052060737527115 0.22980251346499103 0.6030368763557483 0.2333931777378815 0.5986984815618221 0.236983842010772 0.5900216919739696 0.24057450628366248 0.5770065075921909 0.24057450628366248 0.5574837310195228 0.23877917414721722 0.544468546637744 0.23518850987432674 0.5314533622559653 0.23159784560143626 0.5227765726681128 0.22800718132854578 0.5162689804772235 0.22082585278276481 0.5075921908893709 0.20466786355475763 0.49891540130151846 0.19389587073608616 0.4967462039045553 0.18491921005385997 0.4967462039045553
1 0.17055655296229802 0.6919739696312365 0.16337522441651706 0.6941431670281996 0.1526032315978456 0.7006507592190889 0.14542190305206462 0.7071583514099783 0.13464991023339318 0.7223427331887202 0.1310592459605027 0.7310195227765727 0.12926391382405744 0.7396963123644251 0.12926391382405744 0.7765726681127982 0.13285457809694792 0.789587852494577 0.13644524236983843 0.7982646420824295 0.1490125673249551 0.8134490238611713 0.15798922800718132 0.8199566160520607 0.1651705565529623 0.824295010845987 0.17055655296229802 0.8264642082429501 0.19210053859964094 0.8264642082429501 0.1992818671454219 0.824295010845987 0.21005385996409337 0.8177874186550976 0.21543985637342908 0.8134490238611713 0.22621184919210055 0.8004338394793926 0.23159784560143626 0.789587852494577 0.236983842010772 0.7700650759219089 0.236983842010772 0.7592190889370932 0.23518850987432674 0.7483731019522777 0.22980251346499103 0.7288503253796096 0.22800718132854578 0.7245119305856833 0.2244165170556553 0.7180043383947939 0.2118491921005386 0.702819956616052 0.19748653500897667 0.6941431670281996 0.18850987432675045 0.6919739696312365
1 0.3518850987432675 0.6963123644251626 0.3357271095152603 0.6984815618221258 0.3303411131059246 0.7006507592190889 0.31956912028725315 0.7071583514099783 0.3141831238779174 0.7114967462039046 0.3105924596050269 0.7158351409978309 0.30341113105924594 0.7266811279826464 0.2998204667863555 0.735357917570499 0.296229802513465 0.7483731019522777 0.29443447037701975 0.7592190889370932 0.29443447037701975 0.7787418655097614 0.296229802513465 0.7874186550976139 0.3016157989228007 0.8004338394793926 0.3052064631956912 0.806941431670282 0.3123877917414722 0.8156182212581344 0.3249551166965889 0.8264642082429501 0.3339317773788151 0.8308026030368764 0.35547576301615796 0.8308026030368764 0.37163375224416517 0.824295010845987 0.3859964093357271 0.8156182212581344 0.39497307001795334 0.8047722342733189 0.40394973070017953 0.7852494577006508 0.40394973070017953 0.7765726681127982 0.40574506283662476 0.7744034707158352 0.40574506283662476 0.7678958785249458 0.4021543985637343 0.7613882863340564 0.4021543985637343 0.754880694143167 0.39676840215439857 0.737527114967462 0.3895870736086176 0.7223427331887202 0.38420107719928187 0.7158351409978309 0.38420107719928187 0.7136659436008677 0.38061041292639136 0.7093275488069414 0.3752244165170557 0.7049891540130152 0.3644524236983842 0.6984815618221258
1 0.3303411131059246 0.5119305856832972 0.3249551166965889 0.5162689804772235 0.3105924596050269 0.5336225596529284 0.30700179533213645 0.5422993492407809 0.3016157989228007 0.561822125813449 0.3016157989228007 0.5835140997830802 0.3052064631956912 0.5986984815618221 0.3105924596050269 0.6117136659436009 0.31597845601436264 0.6203904555314533 0.3303411131059246 0.631236442516269 0.3375224416517056 0.6355748373101953 0.34290843806104127 0.6377440347071583 0.3518850987432675 0.6399132321041214 0.35547576301615796 0.6399132321041214 0.35727109515260325 0.6377440347071583 0.3644524236983842 0.6355748373101953 0.3752244165170557 0.6355748373101953 0.3859964093357271 0.6334056399132321 0.3895870736086176 0.631236442516269 0.39138240574506283 0.6290672451193059 0.39138240574506283 0.6268980477223427 0.39497307001795334 0.6225596529284165 0.40394973070017953 0.5986984815618221 0.40394973070017953 0.5943600867678959 0.40574506283662476 0.5900216919739696 0.40394973070017953 0.5704989154013015 0.400359066427289 0.5466377440347071 0.39497307001795334 0.5336225596529284 0.3895870736086176 0.5227765726681128 0.3859964093357271 0.5184381778741866 0.38061041292639136 0.5140997830802603 0.36983842010771995 0.5075921908893709 0.3644524236983842 0.5054229934924078 0.34470377019748655 0.5054229934924078 0.3375224416517056 0.5075921908893709
1 0.3375224416517056 0.2885032537960954 0.3267504488330341 0.29067245119305857 0.31597845601436264 0.2993492407809111 0.3105924596050269 0.30585683297180044 0.30700179533213645 0.31453362255965295 0.3052064631956912 0.3297180043383948 0.3052064631956912 0.3492407809110629 0.3016157989228007 0.3644251626898048 0.3016157989228007 0.3796095444685466 0.30341113105924594 0.38611713665943603 0.30700179533213645 0.3947939262472885 0.3177737881508079 0.4078091106290672 0.3231597845601436 0.4121475054229935 0.32854578096947934 0.41431670281995664 0.3357271095152603 0.4164859002169197 0.34470377019748655 0.4164859002169197 0.3464991023339318 0.41431670281995664 0.35727109515260325 0.41431670281995664 0.362657091561939 0.4121475054229935 0.36624775583482944 0.40997830802603036 0.3734290843806104 0.403470715835141 0.3770197486535009 0.3969631236442516 0.38240574506283664 0.3947939262472885 0.3895870736086176 0.38177874186550975 0.39138240574506283 0.368763557483731 0.39138240574506283 0.33405639913232105 0.3895870736086176 0.3275488069414317 0.38420107719928187 0.31453362255965295 0.37163375224416517 0.2993492407809111 0.3644524236983842 0.2950108459869848 0.3590664272890485 0.2928416485900217 0.3518850987432675 0.29067245119305857 0.34111310592459604 0.2885032537960954
1 0.5116696588868941 0.3036876355748373 0.5026929982046678 0.30585683297180044 0.49730700179533216 0.3080260303687636 0.49371633752244165 0.31019522776572667 0.4829443447037702 0.3188720173535792 0.4757630161579892 0.3297180043383948 0.4703770197486535 0.34273318872017355 0.466786355475763 0.3557483731019523 0.466786355475763 0.38611713665943603 0.47217235188509876 0.3969631236442516 0.4793536804308797 0.4078091106290672 0.4865350089766607 0.4164859002169197 0.4991023339317774 0.42516268980477223 0.5098743267504489 0.42950108459869846 0.5224416517055656 0.42950108459869846 0.5296229802513465 0.42733188720173537 0.5368043087971275 0.4229934924078091 0.5439856373429084 0.4229934924078091 0.5511669658886894 0.41865509761388287 0.5565529622980251 0.41431670281995664 0.5583482944344704 0.40997830802603036 0.5601436265709157 0.39913232104121477 0.5691202872531418 0.3774403470715835 0.5709156193895871 0.368763557483731 0.5709156193895871 0.3579175704989154 0.5673249551166966 0.34273318872017355 0.5619389587073609 0.3297180043383948 0.5583482944344704 0.32537960954446854 0.5565529622980251 0.32537960954446854 0.5421903052064632 0.31019522776572667 0.5385996409335727 0.3080260303687636 0.5314183123877917 0.30585683297180044 0.5206463195691203 0.3036876355748373
1 0.8312387791741472 0.29067245119305857 0.822262118491921 0.2928416485900217 0.8150807899461401 0.29718004338394793 0.8078994614003591 0.3036876355748373 0.7971274685816876 0.31670281995661603 0.7863554757630161 0.34490238611713664 0.7845601436265709 0.351409978308026 0.7845601436265709 0.3644251626898048 0.7881508078994613 0.37310195227765725 0.800718132854578 0.3969631236442516 0.8114901256732495 0.40997830802603036 0.8168761220825853 0.41431670281995664 0.8276481149012568 0.420824295010846 0.8348294434470377 0.4229934924078091 0.8438061041292639 0.4229934924078091 0.8527827648114902 0.420824295010846 0.8635547576301615 0.41431670281995664 0.8725314183123878 0.403470715835141 0.8833034111310593 0.3947939262472885 0.8850987432675045 0.3926247288503254 0.8886894075403949 0.38177874186550975 0.8922800718132855 0.36225596529284165 0.8922800718132855 0.3318872017353579 0.8886894075403949 0.3188720173535792 0.8850987432675045 0.3123644251626898 0.8797127468581688 0.30585683297180044 0.8761220825852782 0.3036876355748373 0.8671454219030521 0.30151843817787416 0.8617594254937163 0.2993492407809111 0.8581687612208259 0.2950108459869848 0.8491921005385996 0.29067245119305857
1 0.8509874326750448 0.4967462039045553 0.8366247755834829 0.4967462039045553 0.829443447037702 0.49891540130151846 0.8240574506283662 0.5010845986984815 0.8168761220825853 0.5054229934924078 0.8114901256732495 0.5097613882863341 0.8043087971274686 0.5184381778741866 0.7971274685816876 0.5357917570498916 0.7935368043087971 0.5488069414316703 0.7935368043087971 0.5639913232104121 0.7953321364452424 0.5770065075921909 0.7971274685816876 0.5835140997830802 0.800718132854578 0.5921908893709328 0.8061041292639138 0.6008676789587852 0.8168761220825853 0.613882863340564 0.8258527827648114 0.6203904555314533 0.8402154398563735 0.6247288503253796 0.8545780969479354 0.6225596529284165 0.8725314183123878 0.6117136659436009 0.8779174147217235 0.6052060737527115 0.8833034111310593 0.6030368763557483 0.8868940754039497 0.5986984815618221 0.8886894075403949 0.5943600867678959 0.8940754039497307 0.5748373101952278 0.895870736086176 0.5661605206073753 0.895870736086176 0.544468546637744 0.8922800718132855 0.5292841648590022 0.8886894075403949 0.5206073752711496 0.881508078994614 0.5119305856832972 0.8779174147217235 0.5097613882863341 0.8707360861759426 0.5097613882863341 0.8635547576301615 0.5054229934924078 0.8599640933572711 0.5010845986984815 0.8563734290843806 0.49891540130151846
1 0.8348294434470377 0.7006507592190889 0.8240574506283662 0.7049891540130152 0.8168761220825853 0.7093275488069414 0.7989228007181328 0.7310195227765727 0.7971274685816876 0.735357917570499 0.7935368043087971 0.7483731019522777 0.7935368043087971 0.7700650759219089 0.7971274685816876 0.7852494577006508 0.800718132854578 0.7939262472885033 0.8061041292639138 0.8026030368763557 0.8132854578096947 0.8112798264642083 0.8204667863554758 0.8177874186550976 0.8276481149012568 0.8221258134490239 0.8438061041292639 0.8264642082429501 0.8563734290843806 0.8264642082429501 0.8599640933572711 0.8221258134490239 0.8653500897666068 0.8199566160520607 0.874326750448833 0.8177874186550976 0.8779174147217235 0.8156182212581344 0.8850987432675045 0.806941431670282 0.8886894075403949 0.8004338394793926 0.8904847396768402 0.7939262472885033 0.8922800718132855 0.7830802603036876 0.8940754039497307 0.7657266811279827 0.8940754039497307 0.7483731019522777 0.8922800718132855 0.737527114967462 0.8904847396768402 0.7310195227765727 0.8868940754039497 0.7223427331887202 0.8797127468581688 0.7136659436008677 0.8689407540394973 0.7071583514099783 0.8527827648114902 0.7006507592190889
1 0.6732495511669659 0.6919739696312365 0.6624775583482945 0.6941431670281996 0.6570915619389587 0.6963123644251626 0.6463195691202872 0.702819956616052 0.6409335727109515 0.7071583514099783 0.6319569120287253 0.7158351409978309 0.6319569120287253 0.7180043383947939 0.6247755834829444 0.7288503253796096 0.6229802513464991 0.7331887201735358 0.6193895870736086 0.7462039045553145 0.6157989228007181 0.7700650759219089 0.6157989228007181 0.7917570498915402 0.6175942549371634 0.7960954446854663 0.6247755834829444 0.8047722342733189 0.6283662477558348 0.806941431670282 0.6373429084380611 0.8091106290672451 0.6409335727109515 0.8112798264642083 0.644524236983842 0.8156182212581344 0.6570915619389587 0.8221258134490239 0.6660682226211849 0.824295010845987 0.6786355475763016 0.824295010845987 0.6912028725314183 0.8221258134490239 0.7001795332136446 0.8177874186550976 0.7109515260323159 0.8047722342733189 0.7145421903052065 0.7960954446854663 0.7217235188509874 0.7874186550976139 0.7271095152603232 0.7657266811279827 0.7271095152603232 0.7440347071583514 0.7235188509874326 0.735357917570499 0.7217235188509874 0.735357917570499 0.718132854578097 0.7310195227765727 0.7145421903052065 0.7223427331887202 0.6983842010771992 0.702819956616052 0.6929982046678635 0.6984815618221258 0.6858168761220825 0.6941431670281996
1 0.5080789946140036 0.6984815618221258 0.49730700179533216 0.702819956616052 0.49012567324955114 0.7071583514099783 0.4829443447037702 0.7136659436008677 0.473967684021544 0.7245119305856833 0.4703770197486535 0.7310195227765727 0.466786355475763 0.7396963123644251 0.4649910233393178 0.7462039045553145 0.4631956912028725 0.7592190889370932 0.4631956912028725 0.7722342733188721 0.4649910233393178 0.7852494577006508 0.466786355475763 0.7917570498915402 0.47217235188509876 0.8026030368763557 0.4793536804308797 0.8112798264642083 0.48473967684021546 0.8134490238611713 0.49012567324955114 0.8199566160520607 0.5044883303411131 0.8286334056399133 0.5098743267504489 0.8308026030368764 0.518850987432675 0.8329718004338394 0.5278276481149012 0.8329718004338394 0.533213644524237 0.8286334056399133 0.5403949730700179 0.8286334056399133 0.5457809694793537 0.8264642082429501 0.5529622980251346 0.8177874186550976 0.5565529622980251 0.8091106290672451 0.5565529622980251 0.8047722342733189 0.5601436265709157 0.7960954446854663 0.5637342908438061 0.7917570498915402 0.5691202872531418 0.7787418655097614 0.5709156193895871 0.7722342733188721 0.5709156193895871 0.754880694143167 0.5691202872531418 0.7440347071583514 0.5655296229802513 0.7331887201735358 0.5619389587073609 0.7266811279826464 0.5457809694793537 0.7071583514099783 0.5385996409335727 0.702819956616052 0.526032315978456 0.6984815618221258
1 0.49730700179533216 0.49891540130151846 0.4865350089766607 0.5032537960954447 0.4757630161579892 0.5097613882863341 0.466786355475763 0.5206073752711496 0.45960502692998206 0.5336225596529284 0.45601436265709155 0.5422993492407809 0.4542190305206463 0.5488069414316703 0.4524236983842011 0.559652928416486 0.4524236983842011 0.5748373101952278 0.45601436265709155 0.5878524945770065 0.4614003590664273 0.6030368763557483 0.4649910233393178 0.6095444685466378 0.473967684021544 0.6203904555314533 0.47755834829443444 0.6225596529284165 0.4991023339317774 0.631236442516269 0.5170556552962298 0.631236442516269 0.5242369838420108 0.6290672451193059 0.5350089766606823 0.6225596529284165 0.5457809694793537 0.613882863340564 0.5511669658886894 0.6073752711496746 0.5565529622980251 0.5943600867678959 0.5583482944344704 0.5856832971800434 0.5583482944344704 0.5531453362255966 0.5529622980251346 0.5314533622559653 0.5457809694793537 0.5184381778741866 0.5385996409335727 0.5097613882863341 0.5314183123877917 0.5054229934924078 0.5170556552962298 0.49891540130151846
1 0.6570915619389587 0.5032537960954447 0.6499102333931778 0.5075921908893709 0.6427289048473968 0.5140997830802603 0.6337522441651705 0.5249457700650759 0.6283662477558348 0.5379609544468547 0.6247755834829444 0.5531453362255966 0.6229802513464991 0.5661605206073753 0.6229802513464991 0.5900216919739696 0.6247755834829444 0.596529284164859 0.63016157989228 0.6030368763557483 0.6319569120287253 0.6030368763557483 0.6391382405745063 0.6117136659436009 0.6499102333931778 0.6203904555314533 0.6606822262118492 0.6268980477223427 0.6678635547576302 0.6290672451193059 0.6858168761220825 0.6290672451193059 0.696588868940754 0.6268980477223427 0.7019748653500898 0.6247288503253796 0.7073608617594255 0.6182212581344902 0.7109515260323159 0.6073752711496746 0.7163375224416517 0.6008676789587852 0.7199281867145422 0.5943600867678959 0.7235188509874326 0.5856832971800434 0.725314183123878 0.579175704989154 0.7271095152603232 0.5704989154013015 0.7271095152603232 0.5509761388286334 0.7235188509874326 0.5357917570498916 0.7163375224416517 0.5227765726681128 0.7055655296229802 0.5097613882863341 0.7019748653500898 0.5075921908893709 0.6858168761220825 0.5010845986984815 0.6642728904847397 0.5010845986984815
1 0.8330341113105925 0.0824295010845987 0.8276481149012568 0.08459869848156182 0.8168761220825853 0.0911062906724512 0.8096947935368043 0.09978308026030369 0.8078994614003591 0.10629067245119306 0.8025134649910234 0.11279826464208242 0.800718132854578 0.11713665943600868 0.7953321364452424 0.13665943600867678 0.7935368043087971 0.14533622559652928 0.7935368043087971 0.16702819956616052 0.7989228007181328 0.18004338394793926 0.8114901256732495 0.19522776572668113 0.8204667863554758 0.2017353579175705 0.8366247755834829 0.20824295010845986 0.8599640933572711 0.20824295010845986 0.8671454219030521 0.20607375271149675 0.874326750448833 0.2017353579175705 0.8833034111310593 0.19522776572668113 0.8886894075403949 0.18872017353579176 0.8922800718132855 0.17787418655097614 0.8976660682226212 0.17136659436008678 0.9012567324955116 0.16268980477223427 0.9030520646319569 0.15184381778741865 0.9030520646319569 0.13232104121475055 0.9012567324955116 0.12147505422993492 0.8976660682226212 0.11062906724511931 0.8922800718132855 0.1019522776572668 0.8833034111310593 0.0911062906724512 0.874326750448833 0.08459869848156182 0.8617594254937163 0.08026030368763558 0.8438061041292639 0.08026030368763558
1 0.6732495511669659 0.1019522776572668 0.6642728904847397 0.10412147505422993 0.6606822262118492 0.10629067245119306 0.6570915619389587 0.11062906724511931 0.6481149012567325 0.12364425162689804 0.6391382405745063 0.1279826464208243 0.63016157989228 0.13882863340563992 0.6283662477558348 0.14533622559652928 0.6265709156193896 0.1561822125813449 0.6247755834829444 0.18004338394793926 0.6247755834829444 0.18655097613882862 0.6283662477558348 0.19305856832971802 0.644524236983842 0.21258134490238612 0.6570915619389587 0.22342733188720174 0.6642728904847397 0.227765726681128 0.6786355475763016 0.2299349240780911 0.6858168761220825 0.2299349240780911 0.7019748653500898 0.22559652928416485 0.7055655296229802 0.22342733188720174 0.7109515260323159 0.21908893709327548 0.7163375224416517 0.210412147505423 0.7217235188509874 0.19739696312364424 0.725314183123878 0.18004338394793926 0.7307001795332136 0.16919739696312364 0.7324955116696589 0.16268980477223427 0.7324955116696589 0.14533622559652928 0.7307001795332136 0.13882863340563992 0.7271095152603232 0.13232104121475055 0.7199281867145422 0.1279826464208243 0.7163375224416517 0.12364425162689804 0.7163375224416517 0.12147505422993492 0.7109515260323159 0.11496746203904555 0.7073608617594255 0.11279826464208242 0.703770197486535 0.11279826464208242 0.696588868940754 0.10629067245119306 0.6929982046678635 0.10412147505422993 0.6840215439856373 0.1019522776572668
1 0.3464991023339318 0.10845986984815618 0.34111310592459604 0.11062906724511931 0.3303411131059246 0.11713665943600868 0.3249551166965889 0.12147505422993492 0.31597845601436264 0.13232104121475055 0.3123877917414722 0.14099783080260303 0.3105924596050269 0.1475054229934924 0.3105924596050269 0.15835140997830802 0.30700179533213645 0.16919739696312364 0.3052064631956912 0.18655097613882862 0.3052064631956912 0.19305856832971802 0.30700179533213645 0.2017353579175705 0.3105924596050269 0.20824295010845986 0.3213644524236984 0.22125813449023862 0.33213644524236985 0.2299349240780911 0.34470377019748655 0.23427331887201736 0.35727109515260325 0.23427331887201736 0.36804308797127466 0.2299349240780911 0.37881508078994613 0.22342733188720174 0.39138240574506283 0.20607375271149675 0.39317773788150806 0.20607375271149675 0.39676840215439857 0.2017353579175705 0.3985637342908438 0.19739696312364424 0.400359066427289 0.16919739696312364 0.3985637342908438 0.14967462039045554 0.39676840215439857 0.14099783080260303 0.39138240574506283 0.1301518438177874 0.38061041292639136 0.11713665943600868 0.3770197486535009 0.11496746203904555 0.36624775583482944 0.11062906724511931 0.35368043087971274 0.10845986984815618
1 0.47217235188509876 0.1279826464208243 0.46858168761220825 0.13232104121475055 0.4649910233393178 0.14099783080260303 0.4631956912028725 0.1475054229934924 0.4649910233393178 0.2039045553145336 0.48473967684021546 0.22559652928416485 0.4883303411131059 0.227765726681128 0.49371633752244165 0.2299349240780911 0.5098743267504489 0.23210412147505424 0.5242369838420108 0.2299349240780911 0.533213644524237 0.22342733188720174 0.5421903052064632 0.22125813449023862 0.5457809694793537 0.21691973969631237 0.5511669658886894 0.21258134490238612 0.5583482944344704 0.2039045553145336 0.5601436265709157 0.19522776572668113 0.5601436265709157 0.15184381778741865 0.5565529622980251 0.14316702819956617 0.5511669658886894 0.13665943600867678 0.5439856373429084 0.1301518438177874 0.5368043087971275 0.12581344902386118 0.5278276481149012 0.12147505422993492 0.4991023339317774 0.12147505422993492 0.4865350089766607 0.12364425162689804 0.48114901256732495 0.1279826464208243
